2.531601520296752200e-02
2.587414115281938196e-02
2.729194694346590358e-02
2.858155916110875425e-02
2.960679082793783029e-02
3.024037782632797364e-02
3.087206628934140856e-02
3.145729325055175024e-02
3.191189737318841230e-02
3.215518895510911801e-02
3.225768505662522656e-02
3.227381956456792933e-02
3.218169235119094224e-02
3.202992448729345687e-02
3.177922790384857255e-02
3.152683616823966778e-02
3.130889112337385122e-02
3.105621056914143266e-02
3.081333340441913884e-02
3.052663191193198677e-02
3.025620821695531454e-02
2.996670848429741282e-02
2.966010781243971078e-02
2.935608166850117023e-02
2.905101004902722189e-02
2.875486066112481129e-02
2.844379091337572232e-02
2.815343504536274924e-02
2.785374524337482990e-02
2.756537915750616879e-02
2.728665973221705912e-02
2.703140996147277222e-02
2.679362159356659875e-02
2.655825411869582042e-02
2.633547498358060693e-02
2.611729776474834216e-02
2.590628573043243441e-02
2.572361633430076885e-02
2.554901913855573553e-02
2.539906751480280542e-02
2.525631590065632870e-02
2.511895486803118402e-02
2.500969371718721537e-02
2.493383749220430545e-02
2.488058511854577409e-02
2.482325674335420645e-02
2.482636529482371013e-02
2.481929428423057526e-02
2.488274372571321752e-02
2.495659454145316217e-02
2.507942222785929098e-02
2.521108138774356619e-02
2.542815345469227536e-02
2.565342095222517688e-02
2.587479545824639127e-02
2.618854402662321168e-02
2.647817204746498801e-02
2.682349463563311887e-02
2.724141938362437468e-02
2.766220137871236787e-02
2.811666462006553319e-02
2.861523999052164799e-02
2.914928098863580827e-02
2.973784486712030897e-02
3.031901715266404826e-02
3.095326281078713757e-02
3.166874961259066174e-02
3.232377985910682427e-02
3.306247334023507123e-02
3.381335834088283060e-02
3.459508420661330796e-02
3.538782219173772225e-02
3.622102348865355315e-02
3.715073499264268109e-02
3.799332067772798888e-02
3.891470006921183417e-02
3.985413335762914150e-02
4.080856070871861918e-02
4.179581991002827290e-02
4.278714863936118606e-02
4.381088226654038242e-02
4.487648523805724821e-02
4.592396921948798533e-02
4.701445876915489458e-02
4.814226796394105445e-02
4.929870044173969429e-02
5.047712864847883618e-02
5.173529300577973944e-02
5.290632201848178423e-02
5.410741655434839203e-02
5.538397862443863312e-02
5.665860233993116890e-02
5.798437219814041310e-02
5.927958203953371391e-02
6.061540289335986403e-02
6.197532313305895851e-02
6.337126439880007289e-02
6.476010601620070528e-02
6.612118520743653916e-02
6.765090012109188644e-02
6.912385300520189346e-02
7.063683346284325981e-02
7.211749254375500462e-02
7.361258047307960017e-02
7.517255862595124960e-02
7.668997732877262663e-02
7.833293586757714144e-02
7.988799320039505214e-02
8.149717425361516221e-02
8.316684686546955974e-02
8.483702626579832373e-02
8.651135537195916991e-02
8.821056231279049420e-02
8.993967869301491835e-02
9.174780154847952951e-02
9.348597291204918669e-02
9.526607572787797185e-02
9.707640626794140915e-02
9.891304809177448032e-02
1.007409707479260536e-01
1.026888040420430720e-01
1.045510933793605129e-01
1.065288623333401491e-01
1.084316389540616460e-01
1.103344429694265022e-01
1.121443498612988560e-01
1.137480438745897687e-01
