2.948331076074560929e-03
3.791318720992246493e-03
4.370957716690066636e-03
4.865992006439018996e-03
5.247950103531709605e-03
5.615905377353643153e-03
5.974474813921929438e-03
6.277215221654918430e-03
6.504641953221510647e-03
6.667064446124390358e-03
6.798569642107035911e-03
6.875156462326445679e-03
6.915077477259219500e-03
6.913535949841786120e-03
6.888832891025146142e-03
6.824689999880822339e-03
6.751445917538803632e-03
6.649331191411881649e-03
6.531657379385272938e-03
6.397221958986214034e-03
6.236325552626323203e-03
6.081100675725962038e-03
5.908272626365658128e-03
5.716042985139448487e-03
5.519446723367650402e-03
5.313292086259868881e-03
5.076274089276281223e-03
4.826944278621165749e-03
4.558745039480387173e-03
4.282458331246830584e-03
4.014512988603351554e-03
3.766734157143254887e-03
3.526945250297616914e-03
3.312826629076631984e-03
3.114372710813344183e-03
2.933247671929660721e-03
2.771880131229296530e-03
2.626220489066570518e-03
2.500021224996284031e-03
2.388691100992666131e-03
2.294180005846487621e-03
2.213134662725769509e-03
2.147988494489036504e-03
2.096055063604980971e-03
2.056815107940349399e-03
2.030976633874001340e-03
2.015641436849359511e-03
2.008915357666374388e-03
2.017015749479659798e-03
2.037389311121415216e-03
2.062675152756725163e-03
2.098841724946507933e-03
2.144571605066268854e-03
2.194644678687727914e-03
2.249458569174235707e-03
2.315029270831208720e-03
2.386742345331853248e-03
2.469340361813068211e-03
2.558923265101330485e-03
2.647047180553223442e-03
2.743023409713462625e-03
2.845694323017031267e-03
2.951707204758580345e-03
3.057497355096783741e-03
3.174044209455081748e-03
3.298394203665972173e-03
3.433333544357598278e-03
3.565052985914579989e-03
3.702403537908716645e-03
3.848316677935522019e-03
3.996224239000603640e-03
4.153496437569727424e-03
4.311256726762625197e-03
4.482637358709922262e-03
4.665197203351366395e-03
4.854420583391940575e-03
5.045427302207652030e-03
5.240118606112723586e-03
5.442864063153086442e-03
5.650766452183806667e-03
5.884166187682770936e-03
6.120861221111357532e-03
6.362566620701011477e-03
6.609006936017695379e-03
6.858558428200317927e-03
7.135813137556307022e-03
7.415631078826745264e-03
7.706518690852566002e-03
8.003388537276270517e-03
8.311334331072261702e-03
8.628648933948010122e-03
8.969475080867869016e-03
9.304813904205372355e-03
9.667289471864272399e-03
1.003893433558692566e-02
1.040461867440402484e-02
1.079828129695953841e-02
1.119108088387788143e-02
1.160732652087590779e-02
1.204126130910594152e-02
1.247365668386228414e-02
1.291370175380571021e-02
1.338064274700163231e-02
1.385728230953389532e-02
1.433852269579141865e-02
1.483810314812722062e-02
1.533155256153724555e-02
1.586013737586631361e-02
1.639918287351947376e-02
1.693978876624265689e-02
1.749330711426957952e-02
1.805622419255186253e-02
1.864542757956344846e-02
1.924685393452755730e-02
1.983789752523251043e-02
2.044877761963317594e-02
2.106740537495603582e-02
2.172978492748336987e-02
2.240981690904110882e-02
2.308865190254921415e-02
2.377442805527650582e-02
2.446237772333682489e-02
2.519387339376080726e-02
2.596685947112776019e-02
2.672050765056864161e-02
2.747127593315679475e-02
2.811749030148527964e-02
