9.276131792598413944e-03
9.168969448937532019e-03
9.197614790475278773e-03
9.274683835526133235e-03
9.272025730226901227e-03
9.349324414517742182e-03
9.391991544024242897e-03
9.427480277407454881e-03
9.454885758240058960e-03
9.479210077138189999e-03
9.500097203624040254e-03
9.511768601439058585e-03
9.525292510123566092e-03
9.535687583172858250e-03
9.543013128163803718e-03
9.548543164169153580e-03
9.552008255843577947e-03
9.554681619984748200e-03
9.556067480294928515e-03
9.558291965717174640e-03
9.559408536017888203e-03
9.559967841679031103e-03
9.556954947944239914e-03
9.559797324692089274e-03
9.558248795719898050e-03
9.559408276502473836e-03
9.558532465994817179e-03
9.557399820739248542e-03
9.558399290710112642e-03
9.558286861445499175e-03
9.560417977216996432e-03
9.561538592453530314e-03
9.556741143316459935e-03
9.565323242991783520e-03
9.566952285522782595e-03
9.569550784887513942e-03
9.574476041062131293e-03
9.577323938177985385e-03
9.581012983225613636e-03
9.583739162552229462e-03
9.589623690372939616e-03
9.594331144022064453e-03
9.599320732954701868e-03
9.604373263328370644e-03
9.610982365714988360e-03
9.617671996663596651e-03
9.626170121208636743e-03
9.636122603095927802e-03
9.645424379754422017e-03
9.655869582952406049e-03
9.668157074323504088e-03
9.680547244937710155e-03
9.694382059982284416e-03
9.710260844056777668e-03
9.727002724132370604e-03
9.745548932594506539e-03
9.766256929330656769e-03
9.788946862911596103e-03
9.814237875544534404e-03
9.843740268782817313e-03
9.876550384645067099e-03
9.910430460024433064e-03
9.946552209551514159e-03
9.984775668766999665e-03
1.002702164892158194e-02
1.007112336127023375e-02
1.011884247971860107e-02
1.016868253208397070e-02
1.022239013164034926e-02
1.028010943348910480e-02
1.034032421195941326e-02
1.040363140204245487e-02
1.047944922745930145e-02
1.055488181588883946e-02
1.063185777426773476e-02
1.071089795847094024e-02
1.079782576640189729e-02
1.088809119067221838e-02
1.097835412376172055e-02
1.107431860519599888e-02
1.117765297811119420e-02
1.128500938971546685e-02
1.139130904447724704e-02
1.150861259441774039e-02
1.163905783093898208e-02
1.176852534765095853e-02
1.190289044403151572e-02
1.204067684897747355e-02
1.218260525512684066e-02
1.233241277163089726e-02
1.248850066036247958e-02
1.264863257262969880e-02
1.281581845641015585e-02
1.299324318956786121e-02
1.318153261096518224e-02
1.337977795264926051e-02
1.358102549511672023e-02
1.378798010264632723e-02
1.400250951563452619e-02
1.422516010915640845e-02
1.445667688774313411e-02
1.469623388493895150e-02
1.494666576620470172e-02
1.521025624157549064e-02
1.548090054254827944e-02
1.576838553024802886e-02
1.606139969015699109e-02
1.636142340092124406e-02
1.667268439053596132e-02
1.698917841076185570e-02
1.731976317268479545e-02
1.766261483302540222e-02
1.800881891125226744e-02
1.838020383152493345e-02
1.875593422358890275e-02
1.914036734166776194e-02
1.954014393969327398e-02
1.993895507772321454e-02
2.035389593412205433e-02
2.077833098520454058e-02
2.121356710642548216e-02
2.166210248596098925e-02
2.212608167084661320e-02
2.259100809863809692e-02
2.306506865715986232e-02
2.352989726299600098e-02
2.398316498016676152e-02
