%(1)r,m	(2)ne,10^20/m^3	(3)nD,10^20/m^3	(4)nT,10^20/m^3	(5)nHe,10^20/m^3	(6)Te,keV	(7)TD,keV	(8)TT,keV	(9)Er,kV/m	(10)Zeff	(11)pressure,Pa	(12)PNBIe	(13)PNBIi	(14)PECRH	(15)Palpha	(16)D11e,m^2/s	(17)D12e	(18)D21e	(19)D22e	(20)D11D	(21)D12D	(22)D21D	(23)D22D	(24)D11T	(25)D12T	(26)D21T	(27)D22T	(28)D31e	(29)D32e	(30)D31D	(31)D32D	(32)D31T	(33)D32T	(34)Dpsi	(35)Sigma,A/V/m	(36)DeAno	(37)XeAno	(38)XiAno	(39)beta	(40)Nue	(41)NuD	(42)NuT	(43)roStarD	(44)roStarT	(45)FluxN	(46)FluxQe	(47)FluxQi	(48)FluxNeo	(49)FluxAno	(50)FluxQeNeo	(51)FluxQiNeo	(52)FluxQeAno	(53)FluxQiAno	(54)AmbiFlux	(55)J_bse,A/m^2	(56)J_bsi	(57)J_bs,A/m^2	(58)J_eccd	(59)J_nbcd	(60)J_cd	(61)J_ohm	(62)J_tor	(63)I_bs,A	(64)I_eccd	(65)I_nbcd	(66)I_cd	(67)I_tor	(68)I_ohm	(69)iotaCF	(70)iotaBS	(71)iota	
0	2.2852	0.89995	0.89995	0.24267	14.673	13.64	13.637	0	1.2124	9.8358e+05	0	0	0	1.053	0.039124	0.13348	0.19216	0.85116	0.39385	0.63516	1.2259	3.0029	0.37365	0.5745	1.135	2.722	1140.6	3435.1	1490.1	4102	1626.9	4168	0.00079432	1.0018e+09	0.01398	0.3029	0.3029	9.9861	0.0060468	0.0032982	0.0029052	0.002301	0.0028179	0.0025646	0.005132	0.0044526	0.002495	6.9589e-05	0.0041043	0.0038605	0.0010277	0.00059218	2.552e-05	0	0	0	0	0	0	10039	10039	0	0	0	0	0	0	0.87109	0.85962	0.8884	
0.041483	2.2851	0.89993	0.89993	0.24263	14.671	13.639	13.636	-0.14784	1.2124	9.8343e+05	0	0	0	1.0527	0.039122	0.13347	0.19215	0.85112	0.39379	0.63488	1.2256	3.0013	0.37353	0.57411	1.1344	2.7199	1141.9	3423.8	1494.2	4102.4	1632.3	4168.8	0.00079477	1.0013e+09	0.013981	0.30292	0.30292	9.9845	0.0060459	0.0032975	0.0029047	0.0023009	0.0028177	0.0051297	0.010264	0.0088992	0.0049905	0.00013918	0.0082084	0.0077148	0.0020555	0.0011844	-1.8415e-05	-1964.2	538.51	-1425.7	0	0	0	10039	8613.4	-7.747	0	0	0	46.805	54.552	0.87109	0.86823	0.88841	
0.082966	2.2845	0.89983	0.89983	0.24242	14.66	13.631	13.628	-0.2966	1.2122	9.8251e+05	0	0	0	1.0512	0.039081	0.13332	0.19194	0.85014	0.39197	0.63082	1.2188	2.9812	0.37155	0.56995	1.1273	2.6994	1145.9	3377.7	1510.3	4101.7	1652.2	4168	0.00079682	9.9869e+08	0.013985	0.303	0.303	9.9753	0.0060488	0.0032979	0.002905	0.0023002	0.0028168	0.010288	0.020523	0.0177	0.0099957	0.00029188	0.016415	0.015342	0.0041073	0.0023584	-8.472e-06	-3930.9	1079	-2851.9	0	0	0	10015	7163.2	-46.488	0	0	0	171.46	217.95	0.87112	0.86682	0.88698	
0.12445	2.2834	0.89963	0.89963	0.24206	14.642	13.617	13.614	-0.44555	1.212	9.8097e+05	0	0	0	1.0487	0.039004	0.13305	0.19155	0.84842	0.39059	0.62736	1.2133	2.9633	0.3699	0.56603	1.1209	2.6796	1150.9	3304	1533.6	4099.2	1682.1	4166.7	0.00080014	9.9454e+08	0.013991	0.30315	0.30315	9.9596	0.006056	0.0032999	0.0029067	0.0022989	0.0028153	0.015431	0.030761	0.026531	0.014993	0.00043785	0.024592	0.022976	0.0061689	0.0035545	-3.2179e-05	-5877.2	1621	-4256.2	0	0	0	9971.5	5715.4	-146.86	0	0	0	342.47	489.34	0.87117	0.86514	0.88525	
0.16593	2.2819	0.89938	0.89938	0.24157	14.616	13.598	13.595	-0.59587	1.2117	9.7883e+05	0	0	0	1.0452	0.03888	0.13261	0.19093	0.84562	0.38816	0.6217	1.2039	2.9347	0.36713	0.55991	1.1106	2.6489	1155.7	3204.9	1563.3	4093.4	1719.7	4161.4	0.00080471	9.889e+08	0.014001	0.30335	0.30335	9.9378	0.0060681	0.0033038	0.00291	0.0022972	0.0028132	0.020572	0.040967	0.035342	0.019987	0.00058424	0.032725	0.030566	0.0082412	0.0047764	-7.8293e-05	-7798.1	2167.4	-5630.6	0	0	0	9903.2	4272.6	-338.62	0	0	0	528.5	867.12	0.87124	0.86342	0.88345	
0.20741	2.2799	0.89903	0.89903	0.24093	14.583	13.573	13.57	-0.74997	1.2114	9.7604e+05	0	0	0	1.0406	0.038702	0.13199	0.19004	0.84159	0.3836	0.61191	1.1873	2.8862	0.36224	0.54991	1.0933	2.5999	1159.1	3083.2	1598.7	4083.2	1763.2	4150	0.00081047	9.8187e+08	0.014013	0.30361	0.30361	9.9096	0.0060846	0.0033093	0.0029148	0.0022949	0.0028104	0.025753	0.051139	0.044012	0.025001	0.00075205	0.040819	0.037994	0.01032	0.0060176	-8.5447e-05	-9703.1	2727.3	-6975.8	0	0	0	9803.3	2827.5	-650.5	0	0	0	698.17	1348.7	0.87133	0.86172	0.88165	
0.2489	2.2775	0.89858	0.89858	0.24015	14.542	13.542	13.539	-0.90797	1.2109	9.7261e+05	0	0	0	1.0349	0.038464	0.13115	0.18884	0.83617	0.37776	0.5997	1.1663	2.8261	0.35606	0.53764	1.0717	2.5399	1160	2942	1637.5	4067.7	1810	4132	0.00081738	9.7357e+08	0.014028	0.30394	0.30394	9.8747	0.0061057	0.0033166	0.0029212	0.0022921	0.002807	0.030969	0.061262	0.052525	0.030028	0.00094139	0.048848	0.045243	0.012414	0.0072826	-5.7581e-05	-11581	3304.5	-8276.6	0	0	0	9664	1387.4	-1109.8	0	0	0	820.21	1930	0.87144	0.86006	0.87985	
0.29038	2.2744	0.89798	0.89798	0.2392	14.494	13.505	13.503	-1.0679	1.2103	9.6848e+05	0	0	0	1.028	0.03816	0.13008	0.18732	0.82932	0.37186	0.58748	1.1453	2.766	0.34982	0.52529	1.05	2.4795	1157.3	2784.3	1676.6	4045.9	1857.3	4107.2	0.0008254	9.641e+08	0.014047	0.30435	0.30435	9.8328	0.006131	0.0033255	0.0029288	0.0022889	0.002803	0.036128	0.071314	0.06112	0.035016	0.0011121	0.056761	0.052494	0.014554	0.0086262	-0.0001422	-13372	3881.1	-9490.8	0	0	0	9476.4	-14.435	-1740.5	0	0	0	864.89	2605.4	0.87157	0.85847	0.87808	
0.33186	2.2709	0.89733	0.89733	0.23811	14.438	13.462	13.46	-1.2343	1.2097	9.6372e+05	0	0	0	1.02	0.037776	0.12873	0.18539	0.82063	0.36418	0.57204	1.1183	2.6907	0.34182	0.51006	1.0228	2.4057	1149.7	2612.5	1715.7	4016.1	1903.1	4072.2	0.00083454	9.5355e+08	0.014069	0.30482	0.30482	9.7844	0.0061618	0.0033367	0.0029387	0.002285	0.0027983	0.041305	0.081278	0.069553	0.039999	0.0013059	0.064553	0.059525	0.016725	0.010028	-0.00021753	-15105	4480.6	-10624	0	0	0	9231.3	-1393.1	-2563	0	0	0	803.8	3366.8	0.87172	0.85697	0.87635	
0.37335	2.2667	0.89648	0.89648	0.23685	14.374	13.413	13.411	-1.411	1.209	9.5819e+05	0	0	0	1.0107	0.037313	0.12711	0.18308	0.81014	0.35405	0.55234	1.0834	2.5955	0.33152	0.49107	0.98834	2.3144	1136.3	2429.7	1754.4	3978	1946.1	4025.7	0.00084474	9.4204e+08	0.014095	0.30539	0.30539	9.7283	0.0061971	0.0033498	0.0029501	0.0022806	0.0027929	0.046585	0.091165	0.077603	0.04502	0.0015652	0.072241	0.06614	0.018924	0.011462	-0.0001306	-16813	5125.3	-11688	0	0	0	8920.2	-2767.5	-3596	0	0	0	607.99	4204	0.87189	0.85555	0.87466	
0.41483	2.2617	0.89543	0.89543	0.2354	14.303	13.357	13.355	-1.5935	1.2082	9.5188e+05	0	0	0	0.99993	0.036766	0.12519	0.18034	0.79778	0.34344	0.53218	1.0473	2.4984	0.3208	0.47176	0.95296	2.2218	1116	2238.6	1788.3	3929.6	1982.4	3967.4	0.00085598	9.2967e+08	0.014126	0.30606	0.30606	9.6642	0.0062373	0.0033649	0.0029633	0.0022755	0.0027867	0.05178	0.10093	0.085614	0.049973	0.0018074	0.079725	0.072593	0.021205	0.013021	-0.0017635	-18365	5764.4	-12600	0	0	0	8536.1	-4064.4	-4851.7	0	0	0	251.98	5103.6	0.87199	0.85416	0.87292	
0.45631	2.256	0.89423	0.89423	0.23379	14.223	13.294	13.291	-1.7828	1.2073	9.448e+05	0	0	0	0.98777	0.036101	0.12287	0.17702	0.78283	0.33132	0.5118	1.0088	2.3988	0.30951	0.452	0.91626	2.1275	1082.6	2038.1	1809.4	3862	2002.5	3887.3	0.00086816	9.1663e+08	0.014161	0.30682	0.30682	9.5924	0.0062834	0.0033827	0.0029789	0.0022699	0.0027798	0.056911	0.11057	0.093644	0.054856	0.0020546	0.086974	0.078948	0.023595	0.014696	-0.0003147	-19683	6393.5	-13289	0	0	0	8072	-5217.3	-6329.8	0	0	0	-280.4	6049.4	0.87207	0.85287	0.87122	
0.4978	2.2496	0.89283	0.89283	0.23199	14.135	13.223	13.22	-1.9862	1.2062	9.3689e+05	0	0	0	0.97408	0.035279	0.12001	0.17293	0.76437	0.31779	0.4878	0.96449	2.2849	0.29628	0.42978	0.8742	2.0223	1026.6	1824.1	1807.6	3760.4	1993.6	3768.5	0.00088108	9.0318e+08	0.014201	0.3077	0.3077	9.512	0.0063359	0.0034034	0.0029971	0.0022635	0.002772	0.062042	0.12001	0.10121	0.059671	0.0023716	0.093915	0.084756	0.026093	0.016452	-0.00025756	-20649	7006.5	-13643	0	0	0	7527.5	-6115.1	-8012.5	0	0	0	-990.47	7022	0.8723	0.85191	0.86978	
0.53928	2.2422	0.89113	0.89113	0.22996	14.038	13.144	13.141	-2.2018	1.2051	9.2803e+05	0	0	0	0.95866	0.034368	0.11684	0.16839	0.74396	0.30353	0.46268	0.91797	2.1664	0.28232	0.40679	0.83028	1.9139	962.26	1608.4	1796	3643.9	1972.2	3633.4	0.00089506	8.8908e+08	0.014249	0.30872	0.30872	9.4221	0.0063939	0.0034266	0.0030174	0.0022564	0.0027633	0.067123	0.12928	0.10862	0.064404	0.0027188	0.10056	0.090263	0.028721	0.018359	-0.00028406	-21340	7611.3	-13728	0	0	0	6898.5	-6829.9	-9870.2	0	0	0	-1870.9	7999.3	0.87265	0.85128	0.8686	
0.58076	2.2338	0.88918	0.88918	0.22772	13.932	13.056	13.054	-2.4312	1.2039	9.1821e+05	0	0	0	0.94148	0.033374	0.11339	0.16345	0.72173	0.28853	0.43689	0.86969	2.045	0.26782	0.38333	0.78505	1.8035	891.81	1395	1775.2	3514.5	1940.2	3485.5	0.00091021	8.7428e+08	0.014302	0.30988	0.30988	9.3224	0.0064585	0.0034529	0.0030405	0.0022485	0.0027536	0.072154	0.13832	0.11574	0.069037	0.0031165	0.10684	0.095339	0.031478	0.020397	-0.00026596	-21760	8208.4	-13552	0	0	0	6185.8	-7366.2	-11869	0	0	0	-2912.7	8956.3	0.87311	0.85098	0.86768	
0.62224	2.2241	0.88683	0.88683	0.22522	13.816	12.96	12.957	-2.6735	1.2025	9.0731e+05	0	0	0	0.92231	0.032314	0.10972	0.15819	0.69811	0.27342	0.41128	0.82141	1.9249	0.25418	0.36039	0.74167	1.6952	817.47	1187.4	1737.2	3355.5	1898.8	3327.2	0.00092661	8.588e+08	0.014364	0.31123	0.31123	9.2118	0.006529	0.0034818	0.0030659	0.0022398	0.0027429	0.077117	0.14712	0.12259	0.07355	0.0035665	0.11273	0.10001	0.034382	0.022575	-0.00028313	-21886	8756.2	-13130	0	0	0	5393.5	-7736.3	-13968	0	0	0	-4102.3	9865.4	0.87366	0.85099	0.867	
0.66373	2.2132	0.88413	0.88413	0.22247	13.689	12.853	12.85	-2.9293	1.201	8.9532e+05	0	0	0	0.90115	0.031194	0.10585	0.15264	0.67321	0.25813	0.38614	0.77334	1.8071	0.24038	0.33791	0.69849	1.5893	741.33	989.26	1698.9	3203.8	1849.7	3162.4	0.0009444	8.4263e+08	0.014435	0.31276	0.31276	9.09	0.0066064	0.003514	0.0030943	0.0022302	0.0027311	0.08194	0.15561	0.1292	0.077891	0.0040499	0.11816	0.10427	0.03745	0.024925	-0.00034393	-21725	9288.9	-12436	0	0	0	4528.2	-7907.9	-16116	0	0	0	-5418.7	10698	0.87428	0.85132	0.86656	
0.70521	2.2008	0.88098	0.88098	0.21943	13.552	12.737	12.733	-3.2021	1.1994	8.8213e+05	0	0	0	0.87782	0.030027	0.10182	0.14686	0.64732	0.2429	0.36116	0.7255	1.6904	0.22575	0.31551	0.65413	1.4847	665.38	803.65	1655.3	3047.9	1795.8	2997.6	0.00096371	8.2574e+08	0.014516	0.31452	0.31452	8.9561	0.0066909	0.0035495	0.0031255	0.0022196	0.0027181	0.086685	0.16378	0.13541	0.082075	0.0046098	0.1231	0.10799	0.04068	0.027421	-0.00030995	-21336	9816.1	-11520	0	0	0	3599.6	-7920.7	-18259	0	0	0	-6835.9	11423	0.87495	0.85194	0.86634	
0.74669	2.1869	0.87733	0.87733	0.2161	13.403	12.609	12.604	-3.4905	1.1976	8.6768e+05	0	0	0	0.85225	0.028825	0.097674	0.14091	0.62075	0.22803	0.33706	0.6791	1.5781	0.21155	0.29402	0.61135	1.3843	593.68	639.6	1606.8	2887.5	1738.9	2833.2	0.00098468	8.0815e+08	0.014609	0.31653	0.31653	8.8094	0.0067827	0.0035886	0.0031599	0.002208	0.0027038	0.091266	0.17155	0.14131	0.086039	0.0052272	0.12747	0.11122	0.044078	0.030091	-0.00030967	-20801	10320	-10481	0	0	0	2619.5	-7861.4	-20345	0	0	0	-8334.1	12011	0.87568	0.85284	0.86632	
0.78818	2.1711	0.87313	0.87313	0.21244	13.243	12.469	12.465	-3.7965	1.1957	8.5191e+05	0	0	0	0.82438	0.027613	0.093505	0.13493	0.59405	0.21374	0.31408	0.63469	1.4712	0.1997	0.27502	0.57457	1.2925	537.75	526.77	1567.2	2755.9	1689.8	2695.6	0.0010074	7.8991e+08	0.014715	0.31882	0.31882	8.6492	0.0068819	0.0036311	0.0031973	0.0021953	0.0026881	0.095743	0.17895	0.14686	0.089818	0.0059258	0.13131	0.11395	0.047639	0.03291	-0.00028629	-20650	10954	-9695.9	0	0	0	1603	-8092.8	-22367	0	0	0	-9935.7	12432	0.87649	0.85397	0.86649	
0.82966	2.1534	0.86828	0.86828	0.20844	13.07	12.318	12.313	-4.1192	1.1936	8.3473e+05	0	0	0	0.79412	0.026377	0.089256	0.12882	0.56687	0.19995	0.29213	0.59205	1.3692	0.18655	0.25557	0.53539	1.202	484.31	427.08	1524.6	2625.7	1637.1	2557.9	0.0010322	7.7093e+08	0.014836	0.32144	0.32144	8.4748	0.0069894	0.0036775	0.0032382	0.0021814	0.0026711	0.10003	0.18586	0.15201	0.093318	0.0067087	0.13447	0.11611	0.051389	0.035898	-0.00032131	-20397	11611	-8785.5	0	0	0	565.42	-8220.1	-24319	0	0	0	-11661	12658	0.87735	0.85528	0.86677	
0.87114	2.1336	0.86273	0.86273	0.20408	12.884	12.154	12.148	-4.4592	1.1913	8.1609e+05	0	0	0	0.76149	0.025119	0.08494	0.12262	0.53929	0.18729	0.27136	0.5523	1.2722	0.17401	0.23717	0.49819	1.1162	433.22	338.39	1478.9	2497	1582.4	2423.4	0.0010593	7.5119e+08	0.014974	0.32443	0.32443	8.2856	0.0071062	0.0037283	0.0032829	0.0021663	0.0026525	0.10407	0.19226	0.15679	0.096495	0.0075726	0.13691	0.11771	0.055346	0.039077	-0.0004561	-20015	12271	-7744.5	0	0	0	-475.97	-8220.4	-26154	0	0	0	-13489	12665	0.8783	0.8568	0.86721	
0.91263	2.1115	0.85638	0.85638	0.19936	12.685	11.976	11.97	-4.8219	1.1888	7.9593e+05	0	0	0	0.72645	0.023845	0.080571	0.11634	0.51141	0.17408	0.25102	0.51214	1.1779	0.16181	0.2194	0.46212	1.0334	384.38	258.79	1430.8	2369.3	1525.6	2291.2	0.0010891	7.3067e+08	0.015131	0.32783	0.32783	8.0809	0.0072331	0.0037839	0.0033318	0.0021499	0.0026324	0.10789	0.1981	0.16103	0.099337	0.0085515	0.13859	0.11858	0.059515	0.042448	-0.00031806	-19511	12930	-6580.8	0	0	0	-1504.1	-8084.9	-27820	0	0	0	-15389	12432	0.87933	0.85852	0.86782	
0.95411	2.0867	0.84914	0.84914	0.19423	12.471	11.784	11.777	-5.2038	1.1862	7.7417e+05	0	0	0	0.68904	0.022561	0.07617	0.11001	0.48335	0.16152	0.23176	0.47405	1.0886	0.15018	0.20261	0.42788	0.95516	337.78	186.6	1380.4	2244.3	1466.6	2162.2	0.0011218	7.0935e+08	0.01531	0.33172	0.33172	7.86	0.0073708	0.0038445	0.0033851	0.0021321	0.0026105	0.11138	0.20334	0.16497	0.10176	0.0096157	0.13942	0.11889	0.063924	0.046079	-0.00035701	-18848	13584	-5264	0	0	0	-2499.2	-7763.2	-29261	0	0	0	-17320	11941	0.88046	0.86047	0.86862	
0.99559	2.0594	0.84099	0.84099	0.1887	12.242	11.577	11.57	-5.6119	1.1833	7.5081e+05	0	0	0	0.64941	0.021266	0.071738	0.10364	0.45511	0.15089	0.21444	0.44078	1.0053	0.1389	0.18645	0.3948	0.8798	293.43	120.48	1327.1	2120.3	1405.6	2036.2	0.001158	6.8721e+08	0.015513	0.33612	0.33612	7.6229	0.0075216	0.0039114	0.0034439	0.0021127	0.0025867	0.11452	0.20793	0.16828	0.10373	0.010792	0.13935	0.11836	0.068572	0.049922	-0.00018509	-18015	14197	-3818.6	0	0	0	-3445.7	-7264.3	-30414	0	0	0	-19233	11181	0.88168	0.86263	0.86964	
1.0371	2.029	0.83174	0.83174	0.18277	11.997	11.355	11.347	-6.039	1.1802	7.2578e+05	0	0	0	0.60762	0.019969	0.067299	0.097253	0.42685	0.13917	0.19687	0.40563	0.92418	0.12828	0.17135	0.36377	0.80938	251.5	59.592	1272.5	1998.4	1342.9	1914	0.0011981	6.6422e+08	0.015745	0.34115	0.34115	7.3687	0.0076861	0.0039846	0.0035083	0.0020917	0.0025609	0.11733	0.21183	0.1712	0.10521	0.012123	0.13835	0.11723	0.07348	0.053974	-0.0002778	-17042	14823	-2218.4	0	0	0	-4327	-6545.4	-31211	0	0	0	-21064	10147	0.88303	0.86504	0.87089	
1.0786	1.9955	0.82134	0.82134	0.17641	11.735	11.116	11.107	-6.4891	1.1768	6.9905e+05	0	0	0	0.56394	0.018659	0.062821	0.09081	0.39836	0.128	0.18016	0.37216	0.84654	0.11812	0.1569	0.33408	0.74183	211.56	-6.7212	1217.8	1879.5	1278.1	1795.4	0.0012427	6.4036e+08	0.01601	0.34688	0.34688	7.0973	0.0078669	0.0040654	0.0035793	0.002069	0.002533	0.1196	0.21496	0.17357	0.10604	0.013558	0.13627	0.11524	0.078683	0.058334	-0.00031194	-15784	15392	-391.51	0	0	0	-5125.5	-5517	-31566	0	0	0	-22727	8839.6	0.88449	0.8677	0.8724	
1.12	1.9588	0.80974	0.80974	0.16964	11.455	10.859	10.85	-6.9659	1.1732	6.7065e+05	0	0	0	0.51867	0.017353	0.05836	0.084389	0.36999	0.11734	0.16431	0.34032	0.77294	0.10841	0.14326	0.30587	0.67792	174.67	-66.075	1161.8	1763.7	1211.5	1678.9	0.0012927	6.1561e+08	0.01631	0.35339	0.35339	6.809	0.008067	0.0041552	0.0036583	0.0020443	0.0025027	0.12143	0.21731	0.17543	0.10626	0.015168	0.13316	0.11249	0.084147	0.062939	-0.00029186	-14403	15918	1515.2	0	0	0	-5829	-4313.7	-31400	0	0	0	-24134	7265.7	0.8861	0.87064	0.87421	
1.1615	1.9183	0.79674	0.79674	0.16244	11.157	10.584	10.574	-7.4691	1.1693	6.4054e+05	0	0	0	0.47211	0.01606	0.053944	0.078034	0.34191	0.10722	0.14939	0.31022	0.70361	0.09923	0.13043	0.27927	0.61787	140.94	-118.1	1104.2	1650.6	1143.9	1565.1	0.0013488	5.8998e+08	0.016654	0.36083	0.36083	6.5033	0.0082878	0.0042544	0.0037456	0.0020177	0.00247	0.12277	0.21888	0.17678	0.10581	0.016959	0.12901	0.10898	0.089874	0.067804	-0.00025077	-12902	16360	3458.6	0	0	0	-6425.3	-2966.6	-30654	0	0	0	-25214	5439.8	0.88784	0.87383	0.87631	
1.203	1.8743	0.78234	0.78234	0.1548	10.839	10.29	10.279	-7.9989	1.1652	6.0882e+05	0	0	0	0.42478	0.014783	0.049582	0.071756	0.31418	0.097664	0.1354	0.2819	0.63864	0.090582	0.11842	0.25429	0.56171	110.49	-162.35	1044.6	1539.7	1072	1451.2	0.0014123	5.6346e+08	0.017045	0.36932	0.36932	6.1812	0.0085339	0.0043653	0.0038431	0.0019888	0.0024346	0.12352	0.21962	0.17764	0.1046	0.018917	0.12377	0.10471	0.095844	0.072929	-0.00025071	-11275	16634	5359.4	0	0	0	-6906.6	-1547.2	-29289	0	0	0	-25907	3382	0.88973	0.87728	0.87872	
1.2445	1.8263	0.76639	0.76639	0.14675	10.5	9.976	9.9651	-8.558	1.1607	5.7554e+05	0	0	0	0.37719	0.013526	0.045293	0.065583	0.28692	0.088643	0.1223	0.25526	0.57775	0.082418	0.10717	0.2308	0.50916	83.379	-198.67	980	1430.4	1002.4	1342.5	0.0014844	5.3609e+08	0.017494	0.37903	0.37903	5.8434	0.0088091	0.0044893	0.003952	0.0019576	0.0023963	0.1237	0.21954	0.17798	0.10262	0.021083	0.1175	0.099695	0.10203	0.078284	-0.0002152	-9587	16785	7198.1	0	0	0	-7265.1	-67.012	-27279	0	0	0	-26161	1118.8	0.89179	0.88097	0.88141	
1.286	1.7743	0.74884	0.74884	0.13831	10.14	9.6416	9.6303	-9.1467	1.1559	5.4084e+05	0	0	0	0.33	0.012295	0.041091	0.059533	0.2602	0.080134	0.11009	0.23029	0.52092	0.074746	0.096679	0.2088	0.46018	59.673	-226.85	919.09	1325.1	933.2	1237.5	0.0015669	5.0787e+08	0.018006	0.39013	0.39013	5.4911	0.0091191	0.0046291	0.0040748	0.0019239	0.0023549	0.12322	0.21863	0.17785	0.099788	0.023436	0.11023	0.093977	0.1084	0.083877	-0.0002401	-7829.1	16694	8864.8	0	0	0	-7501.6	1363.2	-24625	0	0	0	-25943	-1318.3	0.89402	0.88489	0.8844	
1.3275	1.7183	0.72964	0.72964	0.12951	9.7587	9.2862	9.2745	-9.768	1.1507	5.049e+05	0	0	0	0.28391	0.011093	0.036991	0.05363	0.23413	0.072152	0.098679	0.20691	0.46785	0.067552	0.086883	0.18821	0.41449	39.246	-247.44	858.21	1222.7	864.96	1136.4	0.0016618	4.7886e+08	0.018593	0.40285	0.40285	5.1262	0.0094711	0.0047878	0.0042141	0.0018875	0.0023102	0.12216	0.21693	0.17725	0.096111	0.026046	0.10204	0.087612	0.11488	0.089638	-0.00016803	-6069.6	16414	10344	0	0	0	-7612.8	2731.3	-21348	0	0	0	-25242	-3893.6	0.89644	0.88903	0.88767	
1.3689	1.6581	0.70864	0.70864	0.12039	9.3552	8.9097	8.8979	-10.419	1.1452	4.6789e+05	0	0	0	0.2396	0.0099255	0.033014	0.047902	0.20886	0.064598	0.087973	0.18487	0.41806	0.060743	0.077707	0.16882	0.37169	23.519	-256.04	789.95	1118.8	800.44	1043.1	0.0017717	4.4915e+08	0.019268	0.41748	0.41748	4.7504	0.0098719	0.0049682	0.0043724	0.0018482	0.0022621	0.12047	0.21448	0.1762	0.091561	0.028906	0.093072	0.080642	0.12141	0.095559	-0.0001897	-4525.5	15934	11408	0	0	0	-7604.2	3804.1	-17523	0	0	0	-24090	-6567.7	0.89904	0.89333	0.89119	
1.4104	1.5938	0.68589	0.68589	0.11102	8.9296	8.5117	8.4999	-11.103	1.1393	4.3011e+05	0	0	0	0.19786	0.0087995	0.029183	0.042382	0.18451	0.057511	0.07805	0.16432	0.37193	0.054382	0.069228	0.1508	0.33208	10.641	-258.87	728.59	1024.7	736.45	951.69	0.0019001	4.188e+08	0.020045	0.43431	0.43431	4.3668	0.010334	0.005176	0.0045546	0.0018058	0.0022101	0.11819	0.21133	0.17475	0.086167	0.032026	0.083481	0.073212	0.12785	0.10154	-9.2473e-05	-3053.7	15259	12205	0	0	0	-7481.1	4723.7	-13244	0	0	0	-22543	-9299.3	0.90183	0.89778	0.89493	
1.4519	1.5255	0.66129	0.66129	0.10146	8.4823	8.0928	8.0813	-11.815	1.133	3.9184e+05	0	0	0	0.15939	0.0077234	0.025527	0.037112	0.16128	0.050981	0.068962	0.14543	0.32967	0.048758	0.061388	0.13453	0.29567	0.255	-256.97	666.1	931.69	674.63	866.92	0.0020512	3.8795e+08	0.020942	0.45375	0.45375	3.9783	0.010869	0.0054164	0.0047651	0.0017602	0.0021543	0.11545	0.20758	0.173	0.080002	0.035446	0.073501	0.065504	0.13408	0.10749	-0.00034347	-1658.7	14371	12713	0	0	0	-7251.8	5460.9	-8596.7	0	0	0	-20642	-12046	0.90484	0.90236	0.89888	
1.4934	1.4534	0.63489	0.63489	0.091806	8.0144	7.6538	7.6425	-12.568	1.1263	3.5348e+05	0	0	0	0.12483	0.0067028	0.022068	0.032123	0.13933	0.044928	0.060567	0.12796	0.29058	0.043142	0.054194	0.11891	0.26199	-7.9016	-251.45	605.5	843.78	612.44	784.08	0.0022306	3.5675e+08	0.021982	0.47627	0.47627	3.5888	0.011494	0.0056973	0.005011	0.0017112	0.0020942	0.11237	0.20333	0.17092	0.07318	0.039192	0.063403	0.057608	0.13992	0.11331	-0.00015614	-340.61	13239	12899	0	0	0	-6934.2	5964.4	-3683.5	0	0	0	-18450	-14766	0.90805	0.90705	0.90304	
1.5349	1.3776	0.60664	0.60664	0.08215	7.5274	7.1959	7.1852	-13.35	1.1193	3.1539e+05	0	0	0	0.094652	0.0057455	0.018832	0.02745	0.11881	0.039394	0.052928	0.11202	0.25496	0.038034	0.047633	0.10468	0.23124	-13.949	-242.46	546.43	759.99	551.62	703.8	0.0024454	3.2541e+08	0.023191	0.50248	0.50248	3.2021	0.01223	0.0060276	0.0052999	0.0016586	0.0020299	0.1091	0.19869	0.16862	0.065833	0.043267	0.053457	0.049755	0.14523	0.11887	-4.0811e-05	853.3	11906	12759	0	0	0	-6524.7	6234.4	1375.3	0	0	0	-16043	-17419	0.91148	0.91184	0.90736	
1.5764	1.2986	0.57669	0.57669	0.072614	7.0233	6.7208	6.7109	-14.151	1.1118	2.7805e+05	0	0	0	0.069188	0.0048571	0.015838	0.023124	0.099841	0.034452	0.046012	0.09769	0.2227	0.033578	0.041754	0.09212	0.20345	-18.076	-230.58	489.22	680.44	493.28	629.04	0.0027052	2.9416e+08	0.024602	0.53304	0.53304	2.823	0.013107	0.0064208	0.0056436	0.0016023	0.001961	0.10584	0.19375	0.16613	0.058137	0.047701	0.04394	0.042136	0.14981	0.124	-0.00026534	1876.4	10447	12324	0	0	0	-6054.4	6269.4	6454.3	0	0	0	-13511	-19965	0.91514	0.9167	0.91186	
1.6178	1.2167	0.54504	0.54504	0.063319	6.5049	6.2311	6.2221	-14.97	1.1041	2.4188e+05	0	0	0	0.048486	0.0040447	0.013109	0.019176	0.082582	0.029899	0.039782	0.08463	0.19351	0.029377	0.036388	0.080453	0.17813	-20.502	-216.23	433.98	604.52	436.97	558.01	0.0030228	2.6326e+08	0.026257	0.56891	0.56891	2.4557	0.014158	0.0068927	0.0060558	0.0015423	0.0018876	0.10288	0.18867	0.16353	0.050332	0.052544	0.035138	0.034939	0.15353	0.12859	7.3712e-05	2713.1	8889.6	11603	0	0	0	-5533.3	6069.4	11427	0	0	0	-10946	-22373	0.91901	0.92164	0.9165	
1.6593	1.1326	0.5119	0.5119	0.054394	5.9753	5.7294	5.7213	-15.791	1.0961	2.0733e+05	0	0	0	0.032375	0.0033149	0.010665	0.015638	0.067153	0.025829	0.034259	0.073001	0.16751	0.025605	0.031607	0.070015	0.15549	-21.553	-200.58	381.34	533.35	383.48	491.78	0.0034158	2.3297e+08	0.028208	0.61117	0.61117	2.105	0.015436	0.0074673	0.0065576	0.0014784	0.0018093	0.10046	0.18356	0.16087	0.042671	0.057787	0.027283	0.028352	0.15627	0.13252	0.00044739	3363.4	7303.9	10667	0	0	0	-4977.3	5690	16173	0	0	0	-8439.6	-24613	0.9231	0.92663	0.92126	
1.7008	1.0468	0.47743	0.47743	0.045949	5.4378	5.2186	5.2117	-16.59	1.0878	1.7482e+05	0	0	0	0.020439	0.0026646	0.0084978	0.012495	0.053496	0.022279	0.029342	0.06276	0.14426	0.022205	0.027325	0.060632	0.13513	-21.03	-182.71	331	466.95	333.19	430.97	0.0039091	2.0357e+08	0.030521	0.66129	0.66129	1.7749	0.017012	0.0081775	0.0071774	0.0014104	0.0017262	0.098817	0.17851	0.15819	0.035314	0.063503	0.020482	0.022468	0.15803	0.13572	0.00074838	3725.4	5805.4	9530.8	0	0	0	-4401.8	5129.1	20585	0	0	0	-6076	-26661	0.9274	0.93166	0.92615	
1.7423	0.95997	0.44189	0.44189	0.03809	4.8956	4.7018	4.6959	-17.345	1.0794	1.447e+05	0	0	0	0.012081	0.0020928	0.0066017	0.0097409	0.041572	0.018929	0.02488	0.053274	0.12319	0.019116	0.02345	0.052124	0.11663	-19.114	-162.53	283.04	405.06	285.54	375.05	0.0045392	1.7531e+08	0.03328	0.72107	0.72107	1.4691	0.018995	0.0090741	0.0079598	0.0013382	0.001638	0.098126	0.17361	0.15552	0.028433	0.069693	0.014796	0.017345	0.15881	0.13817	0.0014337	3780.2	4457.6	8237.8	0	0	0	-3821.9	4415.9	24562	0	0	0	-3940.2	-28502	0.93193	0.93676	0.93116	
1.7838	0.87301	0.40561	0.40561	0.030896	4.3516	4.1816	4.1768	-18.021	1.0708	1.1726e+05	0	0	0	0.0065975	0.0015991	0.0049728	0.0073714	0.031341	0.016035	0.020975	0.045028	0.10443	0.016314	0.019935	0.044406	0.099767	-16.136	-140.53	237.84	348.28	240.67	323.04	0.0053617	1.4842e+08	0.036595	0.79289	0.79289	1.1905	0.021559	0.010237	0.0089743	0.0012616	0.0015442	0.098571	0.16892	0.1529	0.022186	0.076385	0.010224	0.013017	0.1587	0.13988	0.0022281	3535.3	3344.2	6879.5	0	0	0	-3251.4	3628.1	28025	0	0	0	-2097.6	-30122	0.93666	0.9419	0.93627	
1.8253	0.78679	0.36898	0.36898	0.024414	3.8084	3.6607	3.6568	-18.564	1.0621	92698	0	0	0	0.0032682	0.0011804	0.0035992	0.0053698	0.022723	0.013357	0.017405	0.037441	0.087338	0.013766	0.016745	0.037394	0.08439	-12.174	-116.91	195.53	296.94	198.86	276.31	0.0064649	1.2309e+08	0.040605	0.87978	0.87978	0.94115	0.02499	0.011799	0.010338	0.00118	0.0014444	0.1002	0.1645	0.15036	0.016669	0.083532	0.0066937	0.009475	0.1578	0.14088	0.0034634	2954.4	2579.6	5534.1	0	0	0	-2702	2832	30934	0	0	0	-583.6	-31518	0.9416	0.94711	0.9415	
1.8667	0.70234	0.3325	0.3325	0.01867	3.2678	3.141	3.1379	-18.904	1.0532	71160	0	0	0	0.0014289	0.00083528	0.0024711	0.0037241	0.015649	0.010945	0.014178	0.030596	0.071828	0.011437	0.013827	0.030983	0.070265	-7.5732	-92.336	155.32	248.35	159.32	232.8	0.0079981	9.9496e+07	0.045488	0.98557	0.98557	0.72247	0.029811	0.014002	0.012261	0.0010926	0.0013375	0.10296	0.16035	0.14791	0.011964	0.090994	0.0041	0.0066743	0.15625	0.14124	0.0052764	2092.6	2160.4	4252.9	0	0	0	-2183.3	2069.6	33280	0	0	0	591.01	-32689	0.94673	0.95237	0.94683	
1.9082	0.62082	0.29675	0.29675	0.013658	2.7312	2.6241	2.6216	-18.937	1.044	52681	0	0	0	0.00052797	0.0005592	0.0015746	0.0024134	0.010026	0.0087666	0.011242	0.024392	0.057663	0.0093062	0.011145	0.025105	0.05723	-2.7972	-67.51	117.79	203.14	122.35	192.23	0.010234	7.7761e+07	0.051461	1.115	1.115	0.53486	0.037055	0.017324	0.01516	0.0009983	0.0012221	0.10656	0.1565	0.14558	0.0080916	0.098468	0.0023	0.0045431	0.1542	0.14104	0.0083945	995.62	2126.8	3122.5	0	0	0	-1703.1	1419.4	35087	0	0	0	1445.5	-33642	0.95206	0.95773	0.95229	
1.9497	0.54359	0.26245	0.26245	0.009347	2.1989	2.111	2.1091	-18.485	1.0344	37212	0	0	0	0.00015289	0.00034861	0.00089738	0.0014203	0.0057706	0.0067931	0.0085477	0.018737	0.044625	0.0073385	0.0086544	0.019662	0.045093	1.7291	-43.385	81.829	158.36	86.815	152.4	0.013717	5.8012e+07	0.058772	1.2734	1.2734	0.3778	0.049071	0.022845	0.019979	0.00089507	0.0010957	0.11039	0.15294	0.14337	0.0050532	0.10533	0.0011419	0.0029909	0.1518	0.14038	0.014046	-317.35	2526.8	2209.4	0	0	0	-1266.3	943.17	36422	0	0	0	2036.8	-34385	0.95757	0.96319	0.95788	
1.9912	0.47213	0.23038	0.23038	0.0056838	1.6711	1.6023	1.601	-17.223	1.0241	24610	0	0	0	2.9955e-05	0.00020102	0.00042594	0.00072746	0.0028021	0.0050171	0.0060452	0.013571	0.03249	0.0055244	0.0063052	0.014592	0.033651	5.2656	-21.565	48.18	111.57	53.141	110.72	0.019713	4.0368e+07	0.067668	1.4661	1.4661	0.24986	0.072112	0.033434	0.029222	0.00077954	0.00095433	0.11321	0.14967	0.14131	0.002829	0.11038	0.00047311	0.0019087	0.14919	0.1394	0.023103	-1709.9	3191.7	1481.8	0	0	0	-877.87	603.94	37366	0	0	0	2432.2	-34934	0.96327	0.96878	0.96363	
2.0327	0.40825	0.20153	0.20153	0.0025971	1.1469	1.0983	1.0974	-14.632	1.0127	14638	0	0	0	2.8049e-06	0.00011089	0.00014296	0.0003093	0.0010201	0.0034373	0.0036356	0.0087915	0.020753	0.0038607	0.0039977	0.0097888	0.022453	6.8694	-4.7802	17.967	59.825	21.816	63.29	0.031871	2.4969e+07	0.078255	1.6955	1.6955	0.14861	0.12847	0.059292	0.051782	0.00064517	0.00078985	0.11279	0.14666	0.13941	0.0013696	0.11142	0.00014789	0.0011436	0.14651	0.13826	0.030719	-2920.3	3708.1	787.83	0	0	0	-540.66	247.17	37958	0	0	0	2653.8	-35304	0.96918	0.97453	0.96955	
2.0741	0.354	0.177	0.177	1.4014e-06	0.62599	0.59901	0.59855	-10.275	1	6946.5	0	0	0	3.9359e-08	7.1677e-05	1.5021e-05	0.00012254	0.00023636	0.0021867	0.0013629	0.0046429	0.0095135	0.0024603	0.0016337	0.0053242	0.010853	5.295	3.6997	-1.4141	9.9823	-0.23304	13.017	0.066348	1.1994e+07	0.090248	1.9554	1.9554	0.070527	0.35742	0.16385	0.14298	0.0004763	0.00058313	0.10816	0.14156	0.13563	0.00060158	0.10756	3.1611e-05	0.00050009	0.14153	0.13513	9.4055e-06	-2845.6	2404.8	-440.85	0	0	0	-540.66	-981.51	38047	0	0	0	2454.5	-35592	0.97549	0.98062	0.97582	
