%(1)r,m	(2)ne,10^20/m^3	(3)nD,10^20/m^3	(4)nT,10^20/m^3	(5)nHe,10^20/m^3	(6)Te,keV	(7)TD,keV	(8)TT,keV	(9)Er,kV/m	(10)Zeff	(11)pressure,Pa	(12)PNBIe	(13)PNBIi	(14)PECRH	(15)Palpha	(16)D11e,m^2/s	(17)D12e	(18)D21e	(19)D22e	(20)D11D	(21)D12D	(22)D21D	(23)D22D	(24)D11T	(25)D12T	(26)D21T	(27)D22T	(28)D31e	(29)D32e	(30)D31D	(31)D32D	(32)D31T	(33)D32T	(34)Dpsi	(35)Sigma,A/V/m	(36)DeAno	(37)XeAno	(38)XiAno	(39)beta	(40)Nue	(41)NuD	(42)NuT	(43)roStarD	(44)roStarT	(45)FluxN	(46)FluxQe	(47)FluxQi	(48)FluxNeo	(49)FluxAno	(50)FluxQeNeo	(51)FluxQiNeo	(52)FluxQeAno	(53)FluxQiAno	(54)AmbiFlux	(55)J_bse,A/m^2	(56)J_bsi	(57)J_bs,A/m^2	(58)J_eccd	(59)J_nbcd	(60)J_cd	(61)J_ohm	(62)J_tor	(63)I_bs,A	(64)I_eccd	(65)I_nbcd	(66)I_cd	(67)I_tor	(68)I_ohm	(69)iotaCF	(70)iotaBS	(71)iota	
0	2.3009	0.89995	0.89995	0.2505	14.651	14.016	14.005	0	1.2177	1.0004e+06	0	0	0	1.1088	0.006708	0.014636	0.024698	0.075216	0.0034232	0.00047836	0.0056131	0.0068714	0.0036191	0.00044034	0.005869	0.0070235	0.75166	-23.072	2.6052	7.1713	2.4984	6.9154	0.0023561	3.3776e+08	0.0086258	0.18689	0.18689	11.855	0.0052956	0.0027346	0.0024117	0.0031441	0.0038492	0.00066949	0.0045219	0.0029789	0.00054237	0.00012713	0.0009902	0.00028887	0.0035317	0.0026901	-0.00021158	0	0	0	0	0	0	5022	5022	0	0	0	0	0	0	1.368	1.3683	1.3732	
0.030774	2.3007	0.89993	0.89993	0.25041	14.643	14.008	13.997	1.3488	1.2177	9.9975e+05	0	0	0	1.1076	0.0066912	0.014608	0.024645	0.07508	0.0034252	0.00048221	0.0056201	0.0068874	0.0036208	0.00044351	0.0058748	0.0070365	1.1685	-22.576	2.6534	7.3273	2.5559	7.0766	0.002357	3.3762e+08	0.0086266	0.18691	0.18691	11.848	0.005299	0.0027364	0.0024133	0.003143	0.0038478	0.0013385	0.0090423	0.0059593	0.0010842	0.00025428	0.0019777	0.00057858	0.0070646	0.0053807	-0.00039334	52.162	19.334	71.495	0	0	0	5022	5093.5	0.23222	0	0	0	16.544	16.312	1.368	1.3681	1.3732	
0.061548	2.2993	0.89983	0.89983	0.24982	14.596	13.962	13.951	2.6823	1.2173	9.9603e+05	0	0	0	1.1004	0.0066388	0.014541	0.024499	0.07479	0.0034392	0.0005045	0.0056633	0.0069853	0.0036293	0.00046092	0.0059049	0.0071069	2.8703	-20.403	2.8515	7.9443	2.7824	7.7053	0.0023641	3.366e+08	0.0086317	0.18702	0.18702	11.804	0.0053251	0.0027501	0.0024253	0.0031368	0.0038402	0.0026957	0.018037	0.011896	0.0021788	0.00051688	0.0039465	0.0011634	0.01409	0.010733	-0.00082536	103.6	41.835	145.43	0	0	0	5005.6	5151	1.4085	0	0	0	66.526	65.118	1.3679	1.368	1.3731	
0.092321	2.297	0.89963	0.89963	0.24886	14.52	13.886	13.875	3.9834	1.2167	9.8986e+05	0	0	0	1.0884	0.0065614	0.014449	0.024291	0.074417	0.0034626	0.00054165	0.0057355	0.0071485	0.0036433	0.00048983	0.0059548	0.0072238	5.5106	-17.031	3.1817	8.9468	3.1631	8.7419	0.0023763	3.3487e+08	0.0086405	0.18721	0.18721	11.731	0.0053704	0.0027737	0.002446	0.0031264	0.0038275	0.0040508	0.0269	0.017768	0.0032788	0.00077206	0.0058835	0.0017543	0.021017	0.016014	-0.0012652	153.41	70.524	223.93	0	0	0	4977.8	5201.7	4.5306	0	0	0	150.56	146.03	1.3678	1.3679	1.373	
0.1231	2.2938	0.89938	0.89938	0.24753	14.413	13.78	13.77	5.2349	1.2158	9.8131e+05	0	0	0	1.0717	0.0064636	0.014338	0.024034	0.073986	0.0034957	0.00059403	0.0058376	0.0073796	0.0036633	0.00053051	0.0060255	0.007389	8.949	-12.563	3.6352	10.295	3.6933	10.163	0.002394	3.3241e+08	0.0086524	0.18747	0.18747	11.629	0.0054356	0.0028078	0.0024759	0.0031119	0.0038098	0.005416	0.03557	0.023547	0.0043924	0.0010236	0.0077821	0.0023553	0.027788	0.021191	-0.0017736	199.56	108.21	307.77	0	0	0	4938.3	5246.1	10.694	0	0	0	269.08	258.38	1.3676	1.3678	1.3729	
0.15387	2.2897	0.89903	0.89903	0.24582	14.277	13.646	13.635	6.4167	1.2147	9.7043e+05	0	0	0	1.0505	0.0063527	0.014223	0.023752	0.073567	0.0035398	0.00066333	0.005973	0.0076868	0.0036901	0.00058426	0.0061194	0.0076092	13.073	-7.0368	4.1975	11.939	4.3613	11.93	0.0024173	3.292e+08	0.0086679	0.18781	0.18781	11.5	0.0055213	0.0028525	0.0025152	0.0030935	0.0037873	0.0068161	0.043965	0.029204	0.0055311	0.001285	0.0096394	0.0029728	0.034326	0.026232	-0.0024141	237.99	157.16	395.15	0	0	0	4887	5282.2	21.061	0	0	0	422.32	401.26	1.3674	1.3676	1.3727	
0.18464	2.2847	0.89858	0.89858	0.24376	14.112	13.483	13.473	7.5037	1.2134	9.5732e+05	0	0	0	1.0249	0.0062766	0.014204	0.023619	0.073567	0.0035974	0.00075292	0.006149	0.0080867	0.0037258	0.00065377	0.0062425	0.0078975	17.804	-0.3522	4.8496	13.82	5.1455	13.986	0.0024466	3.2525e+08	0.008687	0.18822	0.18822	11.345	0.0056263	0.0029076	0.0025635	0.0030712	0.00376	0.0083053	0.052056	0.034712	0.0067483	0.001557	0.011504	0.0036112	0.040552	0.031101	-0.004008	261.73	218.73	480.46	0	0	0	4824.1	5304.5	36.732	0	0	0	610.19	573.46	1.3671	1.3674	1.3724	
0.21542	2.2787	0.89798	0.89798	0.24136	13.922	13.293	13.284	8.4331	1.2118	9.4205e+05	0	0	0	0.995	0.0061775	0.014175	0.023442	0.073727	0.0036798	0.00087645	0.0063961	0.0086441	0.0037776	0.00074984	0.0064163	0.0083024	23.288	8.0853	5.5675	15.879	6.0087	16.254	0.0024823	3.2058e+08	0.0087099	0.18871	0.18871	11.164	0.0057526	0.002974	0.0026217	0.0030452	0.0037284	0.0098455	0.059712	0.040045	0.0080316	0.0018139	0.013374	0.0042753	0.046339	0.035769	-0.006589	256.53	292.4	548.94	0	0	0	4749.7	5298.6	58.369	0	0	0	831.93	773.56	1.3667	1.3671	1.3721	
0.24619	2.2719	0.89733	0.89733	0.2386	13.707	13.078	13.071	9.1033	1.2101	9.2487e+05	0	0	0	0.96139	0.0061588	0.014371	0.02361	0.075102	0.0038092	0.0010611	0.0067749	0.0094882	0.0038622	0.00089528	0.0066885	0.0089303	29.896	19.543	6.3188	18.062	6.8999	18.644	0.0025245	3.1522e+08	0.008736	0.18928	0.18928	10.96	0.0059027	0.0030538	0.0026914	0.0030159	0.0036926	0.01164	0.066803	0.045162	0.0095498	0.0020902	0.015441	0.0050003	0.051362	0.040162	-0.012576	190.4	375.49	565.9	0	0	0	4664.7	5230.6	85.219	0	0	0	1085.2	999.95	1.3664	1.3668	1.3717	
0.27696	2.2639	0.89648	0.89648	0.23549	13.473	12.84	12.834	9.2788	1.208	9.0591e+05	0	0	0	0.92416	0.0062725	0.01502	0.024429	0.079175	0.0040569	0.0013936	0.0074791	0.011024	0.0040377	0.0011607	0.0072173	0.010124	38.189	35.735	7.1015	20.405	7.7351	21.022	0.0025729	3.093e+08	0.0087665	0.18994	0.18994	10.736	0.0060744	0.003147	0.0027726	0.0029836	0.0036534	0.01404	0.073071	0.050005	0.011618	0.002422	0.01811	0.0058952	0.054961	0.04411	-0.026051	7.0762	460.73	467.8	0	0	0	4570.7	5038.5	113.17	0	0	0	1364.1	1250.9	1.3659	1.3664	1.3712	
0.30774	2.2549	0.89543	0.89543	0.232	13.228	12.581	12.579	8.4301	1.2058	8.856e+05	0	0	0	0.88399	0.0067255	0.016889	0.026978	0.090673	0.0046983	0.002215	0.0092624	0.014824	0.0045416	0.001839	0.0086515	0.013276	51.226	68.179	8.0419	23.333	8.4697	23.51	0.0026259	3.0304e+08	0.0088019	0.19071	0.19071	10.495	0.0062627	0.003254	0.0028653	0.002949	0.0036114	0.01769	0.077821	0.054205	0.014978	0.0027116	0.022393	0.0073881	0.055429	0.046817	-0.053851	-513.32	533.36	20.038	0	0	0	4471.5	4491.5	127.26	0	0	0	1651.9	1524.7	1.3657	1.3661	1.3709	
0.33851	2.245	0.89423	0.89423	0.22826	12.991	12.313	12.315	5.4651	1.2034	8.6514e+05	0	0	0	0.84272	0.008359	0.023401	0.035939	0.13197	0.0077248	0.0061668	0.017754	0.033135	0.0071182	0.0051225	0.0158	0.028557	82.273	165.5	9.86	28.023	10.064	28.326	0.0026801	2.9692e+08	0.0088406	0.19155	0.19155	10.253	0.0064525	0.003372	0.002967	0.0029136	0.0035688	0.023757	0.078711	0.049138	0.021454	0.002303	0.031235	0.011321	0.047476	0.037817	-0.095815	-1977.7	504.27	-1473.4	0	0	0	4373.8	2900.4	76.412	0	0	0	1896.3	1819.9	1.3657	1.3659	1.3706	
0.36929	2.2388	0.89283	0.89283	0.22658	12.815	12.16	12.16	-1.2639	1.2024	8.5171e+05	0	0	0	0.81731	0.011158	0.037064	0.0538	0.23184	0.050633	0.078295	0.15424	0.37978	0.047214	0.069632	0.14045	0.33591	118.45	335.4	21.056	50.67	20.011	45.42	0.0027215	2.9241e+08	0.0088649	0.19207	0.19207	10.093	0.0066088	0.0034441	0.0030317	0.0028922	0.0035422	0.042475	0.096991	0.078501	0.040311	0.0021638	0.058515	0.053029	0.038477	0.025472	0.16521	-5371.2	435.3	-4935.9	0	0	0	4299.6	-636.24	-162.8	0	0	0	1973.4	2136.2	1.3651	1.3647	1.3694	
0.40006	2.23	0.89113	0.89113	0.22385	12.657	12.035	12.032	-1.5308	1.2008	8.3898e+05	0	0	0	0.79569	0.011108	0.036609	0.053271	0.22779	0.043759	0.065706	0.13135	0.31819	0.040672	0.058119	0.11913	0.27999	116.37	327.28	23.558	54.779	22.149	49.76	0.0027584	2.8849e+08	0.0089001	0.19284	0.19284	9.9426	0.0067439	0.0034977	0.0030795	0.002874	0.0035196	0.04316	0.095065	0.066561	0.040426	0.0027337	0.057347	0.041839	0.037718	0.024722	0.002802	-5366.1	451.01	-4915.1	0	0	0	4233.8	-681.34	-552.6	0	0	0	1921.2	2473.8	1.3641	1.3631	1.3676	
0.43083	2.2199	0.88918	0.88918	0.22078	12.49	11.891	11.888	-1.6882	1.1989	8.2506e+05	0	0	0	0.77136	0.011149	0.036611	0.053335	0.22729	0.04195	0.062478	0.1254	0.30258	0.038915	0.055198	0.11357	0.26603	113.43	317.86	26.934	61.748	25.296	56.224	0.0027993	2.8428e+08	0.0089404	0.19371	0.19371	9.7776	0.0068897	0.0035614	0.0031359	0.0028536	0.0034944	0.046299	0.099893	0.071352	0.043197	0.0031018	0.060247	0.04399	0.039646	0.027362	0.00089179	-5597.1	567.84	-5029.3	0	0	0	4163.4	-865.9	-976.87	0	0	0	1855	2831.8	1.3626	1.3611	1.3656	
0.46161	2.2086	0.88683	0.88683	0.21747	12.316	11.737	11.733	-1.8107	1.1969	8.1019e+05	0	0	0	0.74523	0.01121	0.036721	0.053536	0.22767	0.041288	0.061288	0.12322	0.29692	0.038253	0.054135	0.11151	0.26105	110.65	311.28	30.636	69.57	28.792	63.299	0.0028439	2.7981e+08	0.0089862	0.1947	0.1947	9.6014	0.0070459	0.0036317	0.0031979	0.002832	0.0034678	0.049411	0.10448	0.075278	0.045946	0.0034649	0.063032	0.046076	0.041444	0.029202	0.00024542	-5827	690.42	-5136.6	0	0	0	4088.9	-1047.7	-1441.7	0	0	0	1767.2	3208.9	1.3608	1.3588	1.3633	
0.49238	2.1962	0.88413	0.88413	0.21396	12.135	11.574	11.57	-1.9236	1.1949	7.9452e+05	0	0	0	0.71774	0.011243	0.036752	0.053616	0.22761	0.040818	0.060449	0.12168	0.29294	0.037778	0.053391	0.11006	0.25759	107.3	302.63	34.41	77.551	32.374	70.472	0.0028927	2.751e+08	0.009037	0.1958	0.1958	9.4157	0.0072136	0.0037081	0.0032651	0.0028094	0.00344	0.052449	0.10878	0.078827	0.048611	0.0038381	0.065569	0.047992	0.043212	0.030836	-7.2387e-05	-6005	822.22	-5182.8	0	0	0	4010.5	-1172.2	-1944.9	0	0	0	1658.8	3603.7	1.3589	1.3565	1.361	
0.52315	2.1825	0.88098	0.88098	0.21025	11.947	11.404	11.399	-2.0393	1.1927	7.7802e+05	0	0	0	0.68891	0.011207	0.036556	0.053367	0.22615	0.040168	0.059332	0.11958	0.28761	0.037144	0.052392	0.10811	0.25286	103.56	292.45	38.079	85.24	35.861	77.383	0.0029458	2.7014e+08	0.0090938	0.19703	0.19703	9.2201	0.0073929	0.0037902	0.0033375	0.0027856	0.0034109	0.055397	0.11279	0.082109	0.051128	0.0042686	0.067746	0.049629	0.045048	0.03248	-0.00028506	-6157.5	965.02	-5192.5	0	0	0	3928.5	-1263.9	-2482.4	0	0	0	1532.4	4014.9	1.3569	1.3542	1.3586	
0.55393	2.1673	0.87733	0.87733	0.20632	11.751	11.226	11.22	-2.1662	1.1904	7.6064e+05	0	0	0	0.65875	0.011074	0.036029	0.05264	0.22262	0.039154	0.057642	0.11637	0.27948	0.036184	0.050887	0.10516	0.24572	99.732	281.52	41.602	92.474	39.195	83.908	0.0030035	2.6495e+08	0.0091575	0.19841	0.19841	9.0142	0.0075849	0.0038785	0.0034152	0.0027606	0.0033802	0.058443	0.11714	0.08555	0.05368	0.0047622	0.069809	0.05111	0.047332	0.03444	-0.0015756	-6339.3	1126.6	-5212.7	0	0	0	3843.1	-1369.7	-3052.9	0	0	0	1387.9	4440.8	1.3547	1.3517	1.3561	
0.5847	2.1505	0.87313	0.87313	0.2021	11.544	11.036	11.03	-2.3548	1.188	7.4214e+05	0	0	0	0.62697	0.010412	0.033753	0.049371	0.20828	0.03665	0.053765	0.10874	0.26093	0.03393	0.047495	0.09839	0.22962	97.633	274.27	43.947	96.565	41.305	87.707	0.0030674	2.5943e+08	0.0092292	0.19997	0.19997	8.795	0.0077927	0.0039743	0.0034996	0.0027342	0.0033477	0.059772	0.1198	0.087935	0.054411	0.0053612	0.069346	0.050988	0.050458	0.036947	-0.00065345	-6709.8	1279.3	-5430.5	0	0	0	3752.8	-1677.7	-3668.8	0	0	0	1211.2	4880	1.3526	1.3494	1.3537	
0.61548	2.1316	0.86828	0.86828	0.19749	11.322	10.833	10.826	-2.5692	1.1853	7.2222e+05	0	0	0	0.59326	0.0096649	0.031203	0.0457	0.19227	0.033953	0.049519	0.10045	0.24055	0.031455	0.043773	0.090955	0.21201	95.453	266.71	45.895	99.73	43.017	90.706	0.0031394	2.5348e+08	0.0093111	0.20174	0.20174	8.5589	0.0080229	0.00408	0.0035926	0.002706	0.003313	0.060945	0.12269	0.090406	0.054885	0.0060598	0.068441	0.050506	0.054248	0.0399	-0.00071824	-7149.2	1447.3	-5702	0	0	0	3656.2	-2045.7	-4346.5	0	0	0	984.1	5330.6	1.3504	1.347	1.3512	
0.64625	2.1104	0.86273	0.86273	0.19247	11.083	10.614	10.606	-2.8119	1.1824	7.0079e+05	0	0	0	0.55766	0.0088588	0.028479	0.041767	0.17522	0.031079	0.045039	0.091658	0.21908	0.028868	0.039886	0.083188	0.19375	93.06	258.34	47.253	101.77	44.196	92.679	0.0032213	2.4703e+08	0.0094043	0.20376	0.20376	8.3049	0.0082799	0.0041976	0.0036959	0.0026755	0.0032757	0.061636	0.12514	0.092637	0.054788	0.0068482	0.066721	0.049463	0.058417	0.043174	-0.00072282	-7605.5	1620.2	-5985.4	0	0	0	3552.7	-2432.7	-5092.9	0	0	0	697.68	5790.6	1.3484	1.3447	1.3489	
0.67702	2.0867	0.85638	0.85638	0.18698	10.826	10.378	10.37	-3.0832	1.1792	6.7773e+05	0	0	0	0.52015	0.0080228	0.02568	0.037714	0.15778	0.028194	0.040534	0.082825	0.19748	0.026261	0.035921	0.075313	0.17495	90.423	249.29	48.081	102.66	44.859	93.652	0.0033149	2.4006e+08	0.009511	0.20607	0.20607	8.0316	0.0085682	0.004329	0.0038112	0.0026427	0.0032355	0.061844	0.12713	0.09457	0.054099	0.0077446	0.064204	0.047839	0.062922	0.046732	-0.00078889	-8068.7	1793.1	-6275.6	0	0	0	3441.8	-2833.8	-5912.4	0	0	0	345.26	6257.7	1.3465	1.3426	1.3468	
0.7078	2.0603	0.84914	0.84914	0.18101	10.55	10.124	10.116	-3.3857	1.1757	6.5298e+05	0	0	0	0.48091	0.0071816	0.022889	0.033661	0.14046	0.025429	0.036169	0.074312	0.17648	0.023704	0.031978	0.067535	0.15614	87.524	239.65	48.312	102.46	45.03	93.641	0.0034222	2.3253e+08	0.0096331	0.20872	0.20872	7.7383	0.0088935	0.0044763	0.0039405	0.0026073	0.0031922	0.061511	0.12863	0.096193	0.052791	0.0087197	0.06092	0.04564	0.067708	0.050553	-0.00083388	-8523	1959.2	-6563.8	0	0	0	3323.2	-3240.5	-6808.6	0	0	0	-79.152	6729.5	1.3448	1.3406	1.3447	
0.73857	2.031	0.84099	0.84099	0.17453	10.254	9.8503	9.8431	-3.7212	1.1719	6.2656e+05	0	0	0	0.44023	0.0063559	0.020171	0.029705	0.12366	0.022722	0.031943	0.066026	0.15635	0.021238	0.028179	0.060035	0.13793	84.338	229.46	47.937	101.21	44.729	92.688	0.0035458	2.2443e+08	0.0097719	0.21173	0.21173	7.4252	0.0092631	0.0046429	0.0040867	0.0025691	0.0031453	0.060689	0.12961	0.097534	0.050877	0.0098119	0.056942	0.04295	0.072666	0.054584	-0.00091194	-8953.1	2114.4	-6838.8	0	0	0	3196.9	-3641.9	-7783.8	0	0	0	-580.27	7203.5	1.3433	1.3389	1.343	
0.76934	1.9985	0.83174	0.83174	0.16751	9.9363	9.5577	9.5503	-4.0927	1.1676	5.9844e+05	0	0	0	0.39841	0.0055597	0.017574	0.025913	0.10767	0.020155	0.027912	0.058145	0.13713	0.018902	0.024569	0.052921	0.12065	80.969	219.1	46.99	98.893	43.971	90.803	0.0036883	2.1576e+08	0.009931	0.21517	0.21517	7.0919	0.0096826	0.0048308	0.0042516	0.0025279	0.0030949	0.059438	0.13014	0.098616	0.048398	0.01104	0.052392	0.039822	0.077751	0.058793	-0.00095131	-9359.4	2252	-7107.4	0	0	0	3063	-4044.4	-8839.5	0	0	0	-1162.5	7677	1.342	1.3374	1.3414	
0.80012	1.9626	0.82134	0.82134	0.15997	9.5974	9.2447	9.2373	-4.502	1.163	5.6869e+05	0	0	0	0.35594	0.0047724	0.015048	0.022207	0.092236	0.017706	0.024029	0.050589	0.11841	0.016668	0.021084	0.046086	0.104	78.086	210.6	45.314	95.06	42.56	87.534	0.0038533	2.0652e+08	0.010113	0.21911	0.21911	6.7394	0.010158	0.0050422	0.004437	0.0024835	0.0030405	0.05747	0.12998	0.099242	0.045115	0.012355	0.047131	0.036114	0.082852	0.063128	-0.00082124	-9806.5	2350.4	-7456.1	0	0	0	2921.6	-4534.5	-9984.7	0	0	0	-1837.5	8147.2	1.3409	1.336	1.34	
0.83089	1.9233	0.80974	0.80974	0.15191	9.2375	8.9117	8.9042	-4.9439	1.158	5.3747e+05	0	0	0	0.31345	0.0040618	0.012772	0.018865	0.078344	0.0155	0.020531	0.043781	0.10158	0.014643	0.017973	0.039938	0.089112	74.583	200.53	43.325	90.659	40.836	83.775	0.0040447	1.9674e+08	0.010319	0.22358	0.22358	6.3695	0.010705	0.0052842	0.0046492	0.0024358	0.0029819	0.0553	0.12937	0.099618	0.041493	0.013806	0.041684	0.032251	0.087683	0.067367	-0.00068454	-10132	2420.8	-7711.3	0	0	0	2773.4	-4937.8	-11222	0	0	0	-2610.4	8611.3	1.34	1.3349	1.3388	
0.86167	1.8803	0.79674	0.79674	0.14339	8.8585	8.5603	8.5529	-5.4132	1.1525	5.0498e+05	0	0	0	0.27166	0.0034351	0.010764	0.015917	0.066087	0.013556	0.017452	0.037786	0.086768	0.012881	0.015257	0.034579	0.076136	69.98	187.57	41.16	85.928	38.852	79.65	0.0042665	1.8652e+08	0.010555	0.2287	0.2287	5.9844	0.011332	0.0055605	0.0048914	0.0023847	0.0029194	0.053035	0.12825	0.099712	0.037659	0.015376	0.036242	0.028374	0.09201	0.071338	-0.0006007	-10223	2458.3	-7764.4	0	0	0	2619.7	-5144.7	-12529	0	0	0	-3462.1	9066.5	1.3392	1.3339	1.3377	
0.89244	1.8336	0.78234	0.78234	0.13448	8.463	8.1926	8.1853	-5.9065	1.1467	4.7157e+05	0	0	0	0.23141	0.0028923	0.0090215	0.01336	0.055445	0.011867	0.01478	0.03258	0.073927	0.011386	0.012941	0.030021	0.065062	64.475	172.01	38.853	81.008	36.655	75.228	0.0045233	1.7593e+08	0.010824	0.23452	0.23452	5.5885	0.012055	0.0058768	0.0051685	0.0023305	0.0028529	0.050806	0.12665	0.099527	0.03376	0.017046	0.030998	0.02462	0.095655	0.074907	-0.00061056	-10053	2459.7	-7593.5	0	0	0	2461.8	-5131.7	-13870	0	0	0	-4359.8	9510.1	1.3384	1.3328	1.3366	
0.92321	1.7833	0.76639	0.76639	0.12528	8.0544	7.8115	7.8044	-6.4243	1.1405	4.3756e+05	0	0	0	0.19348	0.0024304	0.0075342	0.01118	0.046345	0.010419	0.012494	0.028123	0.062955	0.010121	0.011012	0.026193	0.055793	59.196	157.2	36.447	76.008	34.282	70.559	0.00482	1.651e+08	0.011129	0.24113	0.24113	5.1854	0.012883	0.0062377	0.0054846	0.0022732	0.0027828	0.048797	0.12463	0.099091	0.029955	0.018842	0.026124	0.021118	0.098502	0.077973	-0.00065643	-9785.6	2424.1	-7361.5	0	0	0	2301.5	-5060	-15219	0	0	0	-5279.4	9939.8	1.3375	1.3318	1.3355	
0.95399	1.7294	0.74884	0.74884	0.11588	7.6362	7.4202	7.4134	-6.9683	1.134	4.0333e+05	0	0	0	0.15857	0.0020432	0.0062822	0.009347	0.038665	0.009193	0.01056	0.024349	0.053656	0.0090564	0.0094445	0.023029	0.048196	53.951	142.77	33.947	70.954	31.782	65.722	0.0051626	1.5414e+08	0.011476	0.24865	0.24865	4.7798	0.013832	0.0066495	0.005845	0.0022131	0.0027093	0.047105	0.12222	0.098424	0.026363	0.020742	0.021736	0.017939	0.10049	0.080485	-0.00096244	-9397	2351.1	-7045.8	0	0	0	2140.6	-4905.3	-16560	0	0	0	-6207.3	10353	1.3363	1.3305	1.3342	
0.98476	1.6721	0.72964	0.72964	0.10641	7.2123	7.0218	7.0154	-7.5507	1.1273	3.6928e+05	0	0	0	0.12722	0.0017226	0.0052398	0.0078237	0.032247	0.0081555	0.0089434	0.021177	0.04583	0.0081554	0.0081875	0.020421	0.042032	48.765	128.68	31.354	65.829	29.194	60.76	0.0055577	1.4319e+08	0.01187	0.25717	0.25717	4.3763	0.014918	0.007119	0.0062557	0.0021506	0.0026327	0.045874	0.11945	0.097493	0.023074	0.0228	0.017894	0.015114	0.10156	0.082379	-0.0018789	-8897.8	2241.8	-6656.1	0	0	0	1980.7	-4675.4	-17875	0	0	0	-7126.7	10749	1.3349	1.329	1.3325	
1.0155	1.6112	0.70864	0.70864	0.096965	6.7867	6.6198	6.6141	-8.2073	1.1204	3.3573e+05	0	0	0	0.099777	0.001486	0.0044475	0.0066766	0.027286	0.0073856	0.0077756	0.018854	0.039935	0.0074956	0.0074424	0.018686	0.03823	43.634	114.17	28.793	61.142	26.672	56.367	0.0060125	1.3235e+08	0.012318	0.26689	0.26689	3.9787	0.016162	0.0076557	0.0067246	0.0020859	0.0025536	0.04548	0.11656	0.096483	0.020466	0.025014	0.01482	0.012907	0.10174	0.083577	-0.0014842	-8273.9	2111.5	-6162.4	0	0	0	1823.7	-4338.8	-19142	0	0	0	-8017.5	11125	1.3331	1.3271	1.3305	
1.0463	1.5471	0.68589	0.68589	0.087659	6.3632	6.218	6.2136	-8.9228	1.1133	3.0308e+05	0	0	0	0.076443	0.0012936	0.0037986	0.0057389	0.023205	0.0067437	0.006954	0.01707	0.035732	0.0068628	0.0069027	0.017197	0.035623	38.585	100	26.126	56.368	24.065	51.819	0.0065365	1.2174e+08	0.012828	0.27795	0.27795	3.5917	0.017576	0.0082644	0.0072551	0.0020194	0.0024724	0.045608	0.11343	0.095261	0.0182	0.027408	0.012239	0.011133	0.10119	0.084129	0.00015956	-7567.6	1948.4	-5619.3	0	0	0	1670.8	-3948.5	-20340	0	0	0	-8859.9	11480	1.3307	1.3247	1.3281	
1.0771	1.4797	0.66129	0.66129	0.078568	5.9444	5.8194	5.8163	-9.633	1.1062	2.7153e+05	0	0	0	0.057105	0.0011342	0.0032637	0.0049649	0.019846	0.006179	0.0063711	0.01564	0.032837	0.0062388	0.0064186	0.015777	0.033578	33.822	86.844	23.469	51.542	21.464	47.117	0.0071419	1.1142e+08	0.013413	0.29061	0.29061	3.2179	0.019181	0.0089516	0.0078534	0.0019515	0.0023894	0.046248	0.11022	0.093931	0.016224	0.030024	0.010087	0.0096924	0.10013	0.084238	0.0021613	-6831.9	1768.6	-5063.3	0	0	0	1523.1	-3540.2	-21456	0	0	0	-9642.4	11814	1.3279	1.3218	1.3252	
1.1079	1.4093	0.63489	0.63489	0.069774	5.532	5.4257	5.4237	-10.259	1.099	2.4134e+05	0	0	0	0.041509	0.001003	0.0028281	0.0043326	0.017122	0.0056579	0.0059174	0.014404	0.030745	0.0056417	0.0059192	0.014382	0.031656	29.377	74.971	20.951	46.832	19.005	42.426	0.0078441	1.0145e+08	0.014083	0.30512	0.30512	2.86	0.021006	0.0097289	0.00853	0.0018823	0.0023049	0.047402	0.10699	0.092496	0.014521	0.032881	0.0083152	0.0084754	0.098672	0.08402	0.0036946	-6092	1590.4	-4501.7	0	0	0	1381.2	-3120.5	-22482	0	0	0	-10357	12125	1.3245	1.3185	1.3217	
1.1386	1.336	0.60664	0.60664	0.061366	5.1274	5.0383	5.037	-10.741	1.0919	2.1264e+05	0	0	0	0.029272	0.00089505	0.0024744	0.003817	0.014925	0.0051798	0.0055033	0.013273	0.028962	0.0050931	0.0053883	0.013028	0.029586	25.212	64.151	18.647	42.362	16.77	37.931	0.0086631	9.1858e+07	0.014855	0.32187	0.32187	2.5199	0.023086	0.01061	0.0092979	0.0018118	0.0022188	0.049043	0.10382	0.090993	0.013056	0.035987	0.0068628	0.0073919	0.096953	0.083602	0.0043484	-5349.2	1426.3	-3923	0	0	0	1245.6	-2677.3	-23410	0	0	0	-10996	12415	1.3205	1.3145	1.3177	
1.1694	1.2602	0.57669	0.57669	0.053425	4.7315	4.6577	4.6568	-11.053	1.0848	1.8558e+05	0	0	0	0.019959	0.00080594	0.0021874	0.0033963	0.013157	0.0047327	0.0050811	0.01218	0.027159	0.0046058	0.0048477	0.011756	0.027324	21.266	53.983	16.562	38.158	14.793	33.759	0.0096261	8.2668e+07	0.015749	0.34122	0.34122	2.1993	0.025474	0.01162	0.010178	0.00174	0.0021308	0.051181	0.10075	0.089439	0.011797	0.039383	0.0056743	0.0063979	0.095073	0.083041	0.0043206	-4598.4	1280.6	-3317.8	0	0	0	1116.5	-2201.3	-24228	0	0	0	-11546	12681	1.3159	1.31	1.3131	
1.2002	1.1821	0.54504	0.54504	0.046011	4.3445	4.2841	4.2833	-11.196	1.0778	1.6026e+05	0	0	0	0.013095	0.00073054	0.0019494	0.0030452	0.011707	0.0043168	0.0046329	0.011108	0.025173	0.0041744	0.0043134	0.010575	0.024892	17.596	44.657	14.674	34.217	13.052	29.956	0.01077	7.3886e+07	0.01679	0.36377	0.36377	1.8992	0.028236	0.012785	0.011194	0.0016667	0.002041	0.053827	0.097837	0.087883	0.010696	0.043131	0.0046908	0.0054747	0.093146	0.082408	0.0039371	-3868.7	1153	-2715.7	0	0	0	993.88	-1721.8	-24925	0	0	0	-12000	12926	1.3108	1.3049	1.308	
1.231	1.1021	0.5119	0.5119	0.039163	3.9664	3.9173	3.9166	-11.184	1.0711	1.3675e+05	0	0	0	0.008221	0.00066345	0.001745	0.0027402	0.010482	0.0039019	0.0040755	0.0099284	0.022547	0.0037807	0.0037383	0.0094094	0.021982	14.115	35.917	12.942	30.438	11.53	26.493	0.012147	6.551e+07	0.018008	0.39017	0.39017	1.6205	0.031469	0.01415	0.012385	0.0015916	0.0019492	0.056931	0.095086	0.086298	0.0096939	0.047238	0.0038634	0.0045432	0.091222	0.081755	0.00065885	-3153.8	1038.6	-2115.2	0	0	0	877.68	-1237.5	-25497	0	0	0	-12350	13147	1.3052	1.2995	1.3024	
1.2617	1.0207	0.47743	0.47743	0.032899	3.5967	3.5569	3.5562	-11.145	1.0645	1.151e+05	0	0	0	0.004899	0.0006015	0.0015577	0.00246	0.0093681	0.0034809	0.0034518	0.0086731	0.019542	0.0033974	0.003132	0.0082281	0.018793	10.95	27.893	11.253	26.692	10.081	23.158	0.013828	5.7546e+07	0.019445	0.42132	0.42132	1.364	0.035316	0.015777	0.013805	0.0015148	0.001855	0.060545	0.092501	0.084747	0.0087575	0.051788	0.0031519	0.0036365	0.089349	0.08111	-0.0063745	-2488.7	923.57	-1565.2	0	0	0	767.9	-797.25	-25943	0	0	0	-12596	13347	1.2995	1.2939	1.2968	
1.2925	0.93821	0.44189	0.44189	0.027211	3.235	3.2025	3.2018	-11.356	1.058	95366	0	0	0	0.0027434	0.00054167	0.0013744	0.0021869	0.0082698	0.003022	0.0027401	0.0072731	0.016125	0.0029839	0.0024432	0.006919	0.015169	8.2556	21.079	9.4555	22.64	8.533	19.556	0.015915	5e+07	0.021154	0.45834	0.45834	1.1302	0.039985	0.017759	0.015534	0.0014357	0.0017582	0.064683	0.090082	0.083211	0.0078743	0.056809	0.0025332	0.0027148	0.087549	0.080496	-0.022216	-1918.7	782.15	-1136.5	0	0	0	664.55	-471.97	-26278	0	0	0	-12753	13524	1.2938	1.2883	1.2911	
1.3233	0.85537	0.40561	0.40561	0.022074	2.8807	2.8533	2.8526	-12.438	1.0516	77569	0	0	0	0.001423	0.00047761	0.0011696	0.0018861	0.0070062	0.0024934	0.0018541	0.0055942	0.011825	0.0025172	0.0016163	0.0053921	0.010773	6.0657	15.592	7.4093	17.765	6.7507	15.234	0.018562	4.2871e+07	0.023203	0.50273	0.50273	0.91925	0.045805	0.020246	0.017704	0.0013538	0.0016578	0.069324	0.087826	0.081681	0.006999	0.062325	0.0019749	0.0017169	0.085851	0.079964	-0.053246	-1458.1	581.34	-876.76	0	0	0	567.55	-309.22	-26533	0	0	0	-12852	13680	1.288	1.2828	1.2855	
1.354	0.77288	0.36898	0.36898	0.017462	2.533	2.5085	2.5078	-15.607	1.0452	61723	0	0	0	0.00067033	0.00040369	0.0009321	0.0015376	0.0055202	0.0019816	0.00092636	0.0038988	0.0070101	0.0020841	0.00085961	0.0039858	0.0066277	4.3947	11.273	5.2446	12.149	4.917	10.628	0.022008	3.6159e+07	0.025679	0.55638	0.55638	0.73147	0.053319	0.023484	0.02053	0.0012681	0.0015528	0.074423	0.085736	0.080173	0.0061434	0.06828	0.0014788	0.00080895	0.084258	0.079364	-0.093173	-1112.4	320.35	-792.08	0	0	0	476.8	-315.28	-26749	0	0	0	-12933	13816	1.2824	1.2773	1.28	
1.3848	0.69172	0.3325	0.3325	0.01336	2.191	2.1685	2.1681	-22.432	1.0386	47849	0	0	0	0.00027953	0.00031656	0.00066479	0.0011396	0.0038724	0.0016574	0.00040641	0.0028925	0.0041863	0.0018111	0.00047356	0.0031902	0.0045413	3.349	8.2714	3.5758	8.0583	3.5252	7.9418	0.026648	2.9863e+07	0.028692	0.62167	0.62167	0.56705	0.063492	0.027887	0.024365	0.0011779	0.0014425	0.079772	0.083801	0.078814	0.0052563	0.074516	0.0010427	0.00030448	0.082758	0.07851	-0.1205	-931.54	93.685	-837.86	0	0	0	392.25	-445.61	-26964	0	0	0	-13034	13931	1.2771	1.2721	1.2746	
1.4156	0.61304	0.29675	0.29675	0.0097672	1.8538	1.8342	1.8343	-33.987	1.0319	35937	0	0	0	9.9297e-05	0.00022889	0.00042317	0.0007665	0.0024176	0.0014907	0.000237	0.0024731	0.003252	0.0016547	0.00034076	0.0028228	0.0038574	2.5546	5.5922	2.4121	5.896	2.4645	5.8804	0.033159	2.3998e+07	0.032375	0.70145	0.70145	0.42588	0.078175	0.034215	0.029871	0.0010824	0.0013257	0.085085	0.082031	0.077558	0.0043618	0.080723	0.00069291	8.0679e-05	0.081338	0.077477	-0.13248	-830.28	-73.01	-903.29	0	0	0	314	-589.29	-27200	0	0	0	-13174	14026	1.272	1.2671	1.2696	
1.4464	0.53826	0.26245	0.26245	0.0066813	1.5205	1.5051	1.5059	-50.746	1.0248	25935	0	0	0	2.8173e-05	0.00015405	0.00024009	0.00047117	0.0013846	0.001388	0.00012496	0.002207	0.0027561	0.0016386	0.00018036	0.0026382	0.0032482	1.8453	3.378	1.675	4.1387	2.4488	5.3689	0.042831	1.8579e+07	0.036873	0.79891	0.79891	0.30735	0.10127	0.044083	0.03844	0.00097979	0.0012003	0.089799	0.080416	0.076441	0.0034152	0.086383	0.00042995	-7.9713e-05	0.079986	0.076521	-0.14996	-734.11	-297.03	-1031.1	0	0	0	242.17	-788.97	-27467	0	0	0	-13364	14103	1.2672	1.2625	1.2649	
1.4771	0.46885	0.23038	0.23038	0.0040451	1.1899	1.1798	1.1809	-73.396	1.0173	17728	0	0	0	5.6312e-06	0.00010206	0.00012191	0.000275	0.00074694	0.0014905	8.4981e-05	0.0023207	0.0024047	0.0019649	0.00046114	0.0034085	0.0038445	1.1855	1.7854	2.4633	5.6205	4.901	11.877	0.058366	1.3634e+07	0.042331	0.91717	0.91717	0.21009	0.1425	0.061531	0.053598	0.00086688	0.0010622	0.092966	0.078981	0.075534	0.0024956	0.090471	0.00024706	-0.00053583	0.078734	0.076069	-0.263	-442.36	-1121.4	-1563.7	0	0	0	177.04	-1386.7	-27833	0	0	0	-13672	14162	1.2628	1.2582	1.2606	
1.5079	0.40672	0.20153	0.20153	0.0018284	0.86092	0.85441	0.85445	-106.37	1.009	11153	0	0	0	5.9399e-07	6.9166e-05	4.8831e-05	0.00015258	0.00038307	0.0016393	0.00058756	0.0030465	0.0042391	0.0018912	0.0010165	0.0038533	0.0065543	0.69967	1.1187	2.6043	9.5358	1.4832	10.789	0.086417	9.2086e+06	0.048798	1.0573	1.0573	0.13217	0.23241	0.099649	0.086882	0.0007373	0.00090303	0.092514	0.077685	0.075014	0.0014536	0.09106	0.00012123	-0.00092656	0.077564	0.075941	-0.34136	-681.39	-97.841	-779.23	0	0	0	119.13	-660.11	-28168	0	0	0	-13965	14204	1.2589	1.2544	1.2567	
1.5387	0.354	0.177	0.177	1.4014e-06	0.53269	0.52892	0.52871	-152.73	1	6020.6	0	0	0	1.5535e-08	5.3468e-05	-8.2934e-07	7.9373e-05	0.00012782	0.001408	0.00030738	0.0024194	0.0035425	0.00161	0.00050397	0.002919	0.0042854	0.28639	0.5333	-1.5149	-1.4147	-2.8011	-5.5163	0.14802	5.3763e+06	0.056065	1.2147	1.2147	0.071348	0.5146	0.21915	0.19111	0.00057983	0.00071	0.087089	0.075279	0.07436	-0.00037045	0.087459	2.0018e-05	-0.00022562	0.075259	0.074585	-4.4582e-09	-2261	4296.7	2035.6	0	0	0	119.13	2154.7	-27980	0	0	0	-13742	14239	1.2554	1.2511	1.2533	
