%(1)r,m	(2)ne,10^20/m^3	(3)nD,10^20/m^3	(4)nT,10^20/m^3	(5)nHe,10^20/m^3	(6)Te,keV	(7)TD,keV	(8)TT,keV	(9)Er,kV/m	(10)Zeff	(11)pressure,Pa	(12)PNBIe	(13)PNBIi	(14)PECRH	(15)Palpha	(16)D11e,m^2/s	(17)D12e	(18)D21e	(19)D22e	(20)D11D	(21)D12D	(22)D21D	(23)D22D	(24)D11T	(25)D12T	(26)D21T	(27)D22T	(28)D31e	(29)D32e	(30)D31D	(31)D32D	(32)D31T	(33)D32T	(34)Dpsi	(35)Sigma,A/V/m	(36)DeAno	(37)XeAno	(38)XiAno	(39)beta	(40)Nue	(41)NuD	(42)NuT	(43)roStarD	(44)roStarT	(45)FluxN	(46)FluxQe	(47)FluxQi	(48)FluxNeo	(49)FluxAno	(50)FluxQeNeo	(51)FluxQiNeo	(52)FluxQeAno	(53)FluxQiAno	(54)AmbiFlux	(55)J_bse,A/m^2	(56)J_bsi	(57)J_bs,A/m^2	(58)J_eccd	(59)J_nbcd	(60)J_cd	(61)J_ohm	(62)J_tor	(63)I_bs,A	(64)I_eccd	(65)I_nbcd	(66)I_cd	(67)I_tor	(68)I_ohm	(69)iotaCF	(70)iotaBS	(71)iota	
0	2.4101	0.89995	0.89995	0.30509	19.377	18.738	18.724	0	1.2532	1.38e+06	0	0	0	1.8022	0.0095069	0.018687	0.032948	0.094503	0.0033891	0.00046026	0.0055439	0.0072097	0.0037892	0.00046134	0.0061451	0.0079802	-15.552	-68.374	5.0156	13.508	5.2899	13.155	0.0016176	4.9194e+08	0.011471	0.24854	0.24854	16.354	0.0032767	0.0016824	0.0014856	0.0036354	0.0044507	0.00084119	0.0074584	0.005067	0.00058256	0.00025863	0.0014966	0.0003908	0.0059618	0.0046762	-0.00013919	0	0	0	0	0	0	5187.3	5187.3	0	0	0	0	0	0	1.368	1.3686	1.3735	
0.030774	2.4097	0.89993	0.89993	0.30494	19.368	18.728	18.714	1.7382	1.2531	1.3791e+06	0	0	0	1.8007	0.0094856	0.01865	0.032879	0.094269	0.0033909	0.00045971	0.005546	0.0071561	0.0037905	0.00046025	0.0061461	0.0079229	-15.18	-68.246	5.131	13.821	5.3981	13.421	0.0016181	4.9179e+08	0.011473	0.24857	0.24857	16.344	0.0032783	0.0016834	0.0014864	0.0036341	0.0044491	0.0016816	0.014913	0.010134	0.0011643	0.00051734	0.0029864	0.00077964	0.011927	0.009354	-0.00025414	101.85	37.758	139.61	0	0	0	5187.3	5326.9	0.45346	0	0	0	17.302	16.848	1.368	1.3681	1.3734	
0.061548	2.4077	0.89983	0.89983	0.304	19.313	18.668	18.654	3.4664	1.2525	1.374e+06	0	0	0	1.7921	0.0094135	0.018543	0.032663	0.093598	0.0033988	0.0004747	0.0055728	0.0072194	0.0037938	0.00047418	0.0061649	0.0079788	-13.718	-67.741	5.5802	15.022	5.8245	14.485	0.0016223	4.9052e+08	0.011482	0.24879	0.24879	16.283	0.0032913	0.0016908	0.0014929	0.003627	0.0044404	0.0033841	0.029777	0.020236	0.0023383	0.0010458	0.0059406	0.001566	0.023836	0.01867	-0.00053626	209.81	81.882	291.69	0	0	0	5207.7	5499.4	2.8005	0	0	0	70.304	67.503	1.3679	1.3681	1.3734	
0.092321	2.4041	0.89963	0.89963	0.30243	19.22	18.568	18.554	5.1737	1.2516	1.3654e+06	0	0	0	1.7775	0.0093173	0.018425	0.032401	0.092846	0.0034111	0.0004984	0.0056151	0.0073126	0.0037985	0.0004955	0.0061933	0.0080466	-11.468	-67.282	6.3266	16.978	6.5448	16.251	0.0016295	4.8835e+08	0.011499	0.24915	0.24915	16.181	0.0033142	0.0017038	0.0015043	0.0036152	0.004426	0.0050855	0.044516	0.030246	0.0035212	0.0015643	0.0088342	0.0023547	0.035682	0.027891	-0.00089413	330.44	138.53	468.97	0	0	0	5240.4	5709.4	9.2555	0	0	0	161.54	152.28	1.3678	1.3681	1.3734	
0.1231	2.3993	0.89938	0.89938	0.30026	19.091	18.43	18.416	6.8458	1.2503	1.3535e+06	0	0	0	1.7573	0.0091734	0.018219	0.031979	0.091723	0.0034278	0.00052983	0.0056716	0.0074193	0.0038042	0.00052334	0.0062297	0.008111	-8.7651	-66.975	7.3576	19.632	7.5557	18.692	0.00164	4.8524e+08	0.011523	0.24966	0.24966	16.04	0.0033473	0.0017224	0.0015207	0.0035988	0.004406	0.0067795	0.059051	0.040119	0.0047017	0.0020778	0.011628	0.0031439	0.047423	0.036976	-0.0011201	466.88	213.76	680.64	0	0	0	5283.5	5964.2	22.63	0	0	0	294.29	271.66	1.3676	1.368	1.3734	
0.15387	2.393	0.89903	0.89903	0.29748	18.926	18.253	18.239	8.474	1.2486	1.3383e+06	0	0	0	1.7313	0.0090025	0.017979	0.031482	0.090497	0.0034482	0.00056925	0.0057416	0.0075574	0.003811	0.00055821	0.0062747	0.0081964	-5.7121	-67.027	8.6515	22.908	8.8462	21.761	0.0016539	4.8114e+08	0.011553	0.25031	0.25031	15.86	0.0033911	0.001747	0.0015423	0.0035779	0.0043803	0.0085027	0.073344	0.049816	0.0058989	0.0026038	0.014335	0.0039397	0.059009	0.045876	-0.001395	623.78	313.11	936.89	0	0	0	5334.8	6271.7	46.575	0	0	0	472.81	426.24	1.3674	1.368	1.3733	
0.18464	2.3854	0.89858	0.89858	0.29412	18.725	18.04	18.026	10.047	1.2466	1.3199e+06	0	0	0	1.6997	0.0088115	0.017714	0.030931	0.089217	0.0034721	0.00061633	0.0058245	0.0077265	0.0038188	0.00060011	0.0063284	0.0083091	-2.4548	-67.525	10.177	26.712	10.396	25.401	0.0016718	4.7601e+08	0.01159	0.25111	0.25111	15.642	0.0034451	0.0017771	0.0015688	0.0035525	0.0043492	0.010252	0.087318	0.059288	0.0071109	0.0031408	0.016941	0.0047419	0.070377	0.054546	-0.001679	803.46	441.12	1244.6	0	0	0	5391.6	6636.1	85.769	0	0	0	702.41	616.64	1.3671	1.3678	1.3732	
0.21542	2.3764	0.89798	0.89798	0.29019	18.49	17.791	17.777	11.555	1.2442	1.2984e+06	0	0	0	1.6623	0.0086078	0.017436	0.030348	0.087929	0.0034995	0.00067042	0.0059196	0.0079215	0.003828	0.00064825	0.0063903	0.0084442	0.88559	-68.494	11.895	30.936	12.178	29.541	0.0016938	4.6983e+08	0.011634	0.25206	0.25206	15.387	0.0035106	0.0018134	0.0016007	0.0035229	0.004313	0.011972	0.10091	0.068491	0.0083223	0.0036493	0.019421	0.00554	0.081488	0.062951	-0.0019153	1007.6	600.69	1608.3	0	0	0	5450.7	7059	146.01	0	0	0	989.49	843.49	1.3667	1.3677	1.3731	
0.24619	2.3661	0.89733	0.89733	0.28572	18.22	17.508	17.495	12.986	1.2415	1.2741e+06	0	0	0	1.6198	0.0083956	0.017148	0.029741	0.086625	0.0035303	0.00073093	0.0060264	0.0081442	0.003839	0.0007013	0.0064598	0.0085924	4.2169	-69.859	13.759	35.454	14.155	34.089	0.0017203	4.6258e+08	0.011684	0.25316	0.25316	15.099	0.0035901	0.0018571	0.0016391	0.0034895	0.0042721	0.013709	0.11402	0.077363	0.0095439	0.0041647	0.021769	0.0063387	0.092252	0.071024	-0.0020908	1234.2	793.84	2028.1	0	0	0	5509	7537	234.16	0	0	0	1341.4	1107.3	1.3664	1.3675	1.3729	
0.27696	2.3544	0.89648	0.89648	0.28072	17.917	17.194	17.18	14.335	1.2385	1.2469e+06	0	0	0	1.5717	0.0081807	0.016856	0.029127	0.085325	0.0035645	0.00079823	0.006145	0.0083982	0.0038517	0.00075847	0.0065361	0.0087584	7.5132	-71.061	15.717	40.137	16.287	38.941	0.0017519	4.5425e+08	0.011742	0.25441	0.25441	14.777	0.0036839	0.0019084	0.0016842	0.0034526	0.0042269	0.015513	0.1266	0.085865	0.010789	0.0047235	0.023989	0.0071437	0.10261	0.078722	-0.0022445	1471.5	1021.3	2492.8	0	0	0	5562.8	8055.5	357.8	0	0	0	1766.2	1408.4	1.3659	1.3673	1.3728	
0.30774	2.3413	0.89543	0.89543	0.27524	17.583	16.849	16.836	15.596	1.2351	1.2171e+06	0	0	0	1.5184	0.0079671	0.016562	0.028513	0.084023	0.0036017	0.00087131	0.0062738	0.0086812	0.0038667	0.00081916	0.0066193	0.0089429	10.588	-72.696	17.717	44.851	18.523	43.974	0.0017889	4.4485e+08	0.011808	0.25583	0.25583	14.424	0.0037935	0.0019678	0.0017365	0.0034127	0.0041781	0.017255	0.13852	0.093939	0.012009	0.0052458	0.026011	0.0079358	0.1125	0.086003	-0.001976	1725.7	1280.2	3005.9	0	0	0	5608.5	8614.4	525.17	0	0	0	2272	1746.9	1.3657	1.3674	1.3728	
0.33851	2.3271	0.89423	0.89423	0.2693	17.219	16.477	16.464	16.778	1.2315	1.185e+06	0	0	0	1.4604	0.0078186	0.016364	0.028092	0.08314	0.0036306	0.00093045	0.0063763	0.0088971	0.0038762	0.00087101	0.0066854	0.0090923	11.667	-77.744	19.887	49.652	21.072	49.433	0.0018327	4.3421e+08	0.01188	0.2574	0.2574	14.044	0.0039211	0.0020364	0.0017968	0.0033705	0.0041263	0.018971	0.14969	0.10151	0.01322	0.0057503	0.027889	0.0086689	0.1218	0.092845	-0.0020174	2014.1	1584.2	3598.3	0	0	0	5640.1	9238.4	746.62	0	0	0	2869.2	2122.5	1.3657	1.3676	1.3731	
0.36929	2.3116	0.89283	0.89283	0.26294	16.827	16.08	16.067	17.88	1.2275	1.1508e+06	0	0	0	1.3978	0.0077185	0.01623	0.027808	0.082532	0.0036511	0.00097463	0.0064512	0.0090412	0.0038799	0.00091233	0.0067321	0.0092004	11.264	-84.849	22.116	54.368	23.734	54.949	0.0018837	4.2245e+08	0.01196	0.25913	0.25913	13.638	0.0040681	0.0021149	0.0018658	0.0033258	0.0040716	0.020724	0.16003	0.10856	0.014429	0.0062948	0.029612	0.0093389	0.13042	0.099225	-0.0023873	2322.4	1926.4	4248.8	0	0	0	5655.2	9904	1033.9	0	0	0	3568.6	2534.7	1.3651	1.3673	1.3728	
0.40006	2.2947	0.89113	0.89113	0.2562	16.409	15.659	15.647	18.888	1.2233	1.1145e+06	0	0	0	1.331	0.0076308	0.016112	0.027558	0.081946	0.0036695	0.0010152	0.0065194	0.0091713	0.0038825	0.00095124	0.006775	0.0093024	10.852	-90.883	24.208	58.763	26.206	60.04	0.0019419	4.0979e+08	0.012048	0.26104	0.26104	13.208	0.0042356	0.0022037	0.0019439	0.0032784	0.0040135	0.022477	0.16958	0.1151	0.015637	0.00684	0.031141	0.0099586	0.13844	0.10514	-0.0030364	2618.8	2285.5	4904.3	0	0	0	5652.9	10557	1397.2	0	0	0	4379.4	2982.2	1.3641	1.3667	1.3722	
0.43083	2.2766	0.88918	0.88918	0.24912	15.967	15.218	15.206	19.775	1.2189	1.0766e+06	0	0	0	1.2604	0.0075182	0.015936	0.027214	0.081116	0.0036884	0.0010554	0.006588	0.0093048	0.0038859	0.00099024	0.0068192	0.0094077	10.627	-94.91	26.103	62.747	28.391	64.558	0.0020079	3.9632e+08	0.012143	0.26311	0.26311	12.758	0.0044263	0.0023042	0.0020322	0.0032283	0.0039522	0.024195	0.17815	0.12108	0.01679	0.0074059	0.032392	0.010531	0.14576	0.11054	-0.003102	2873.7	2650.1	5523.8	0	0	0	5631.2	11155	1842.9	0	0	0	5306.2	3463.4	1.3626	1.3656	1.3711	
0.46161	2.2571	0.88683	0.88683	0.24174	15.504	14.759	14.748	20.54	1.2142	1.0371e+06	0	0	0	1.1864	0.0073988	0.015778	0.026876	0.08042	0.0037085	0.0010961	0.0066588	0.0094488	0.0038913	0.00103	0.0068669	0.0095229	10.816	-96.251	27.766	66.262	30.229	68.404	0.0020824	3.8214e+08	0.012248	0.26538	0.26538	12.29	0.0046421	0.0024171	0.0021313	0.0031757	0.0038879	0.025971	0.18578	0.1265	0.017978	0.0079931	0.033506	0.011058	0.15228	0.11544	-0.0040294	3062.2	3009.7	6071.9	0	0	0	5588.8	11661	2373.7	0	0	0	6349.9	3976.2	1.3608	1.3641	1.3697	
0.49238	2.2364	0.88413	0.88413	0.23409	15.022	14.285	14.274	21.146	1.2093	9.9639e+05	0	0	0	1.1097	0.0072654	0.015613	0.026511	0.079747	0.0037334	0.001142	0.0067421	0.0096276	0.003901	0.0010737	0.0069253	0.0096629	12.032	-93.592	29.162	69.248	31.667	71.504	0.0021661	3.6737e+08	0.012362	0.26783	0.26783	11.808	0.0048859	0.002544	0.0022426	0.003121	0.003821	0.027769	0.19236	0.13133	0.019185	0.0085832	0.034446	0.011539	0.15791	0.11979	-0.0056788	3151.9	3350.6	6502.4	0	0	0	5525	12027	2987.5	0	0	0	7505.5	4518	1.3589	1.3626	1.3682	
0.52315	2.2144	0.88098	0.88098	0.22622	14.524	13.797	13.788	21.528	1.2043	9.5466e+05	0	0	0	1.031	0.0071282	0.015477	0.026169	0.079284	0.0037695	0.0012054	0.0068596	0.0099053	0.0039187	0.0011279	0.0070059	0.0098583	14.272	-86.898	30.271	71.673	32.667	73.809	0.0022598	3.5214e+08	0.012485	0.2705	0.2705	11.313	0.0051603	0.0026861	0.0023671	0.003064	0.0037513	0.029747	0.19783	0.1356	0.020521	0.0092257	0.035345	0.012	0.16249	0.1236	-0.0097065	3110.3	3659	6769.3	0	0	0	5439.6	12209	3675.4	0	0	0	8761.2	5085.8	1.3569	1.3609	1.3665	
0.55393	2.191	0.87733	0.87733	0.21815	14.014	13.298	13.292	21.527	1.1991	9.1217e+05	0	0	0	0.95082	0.0070131	0.015452	0.025972	0.079506	0.0038328	0.0013078	0.007057	0.010383	0.0039557	0.0012132	0.0071468	0.010209	18.404	-74.154	31.162	73.713	33.282	75.48	0.002364	3.3663e+08	0.012618	0.27339	0.27339	10.81	0.0054677	0.0028451	0.0025061	0.0030047	0.0036791	0.032136	0.20213	0.13927	0.022219	0.0099167	0.036499	0.012479	0.16563	0.12679	-0.020036	2867.8	3921.6	6789.4	0	0	0	5333.8	12123	4418.8	0	0	0	10095	5676.3	1.3547	1.359	1.3646	
0.5847	2.166	0.87313	0.87313	0.20988	13.497	12.792	12.789	20.738	1.1938	8.6926e+05	0	0	0	0.87018	0.0069251	0.015692	0.026079	0.081301	0.0039851	0.0015554	0.0075331	0.011619	0.0040553	0.0013945	0.0074774	0.011073	27.315	-47.676	31.962	75.877	33.746	77.563	0.002479	3.2101e+08	0.012763	0.27654	0.27654	10.301	0.0058084	0.0030223	0.0026604	0.0029437	0.0036048	0.03557	0.20468	0.14233	0.024866	0.010703	0.038498	0.013222	0.16618	0.12911	-0.044327	2169.3	4121.8	6291.1	0	0	0	5209.8	11501	5174.6	0	0	0	11461	6286	1.3526	1.3572	1.3627	
0.61548	2.1393	0.86828	0.86828	0.20139	12.985	12.282	12.283	18.208	1.1883	8.2644e+05	0	0	0	0.79009	0.007158	0.016979	0.027716	0.089327	0.004438	0.0022318	0.0088888	0.014834	0.0043703	0.001909	0.0084644	0.0136	43.938	2.4666	32.631	77.638	33.981	79.045	0.0026032	3.0569e+08	0.012923	0.27999	0.27999	9.794	0.0061773	0.0032184	0.0028307	0.0028813	0.0035291	0.041599	0.20424	0.14422	0.03005	0.011549	0.043483	0.014853	0.16076	0.12937	-0.10095	561.39	4134.6	4696	0	0	0	5073.4	9769.4	5840.6	0	0	0	12752	6911.4	1.3504	1.3551	1.3606	
0.64625	2.111	0.86273	0.86273	0.19278	12.504	11.781	11.789	11.714	1.1826	7.8511e+05	0	0	0	0.7128	0.0084907	0.022328	0.035064	0.12265	0.0067304	0.0051356	0.015231	0.027897	0.0063317	0.0045865	0.014084	0.025751	78.472	123.56	35.258	83.579	35.376	83.203	0.0027298	2.9152e+08	0.013096	0.28374	0.28374	9.3041	0.0065505	0.0034307	0.0030139	0.0028188	0.0034535	0.05284	0.19321	0.13173	0.041758	0.011083	0.056929	0.020536	0.13628	0.1112	-0.19441	-3358.5	3576.6	218.04	0	0	0	4939.3	5157.3	6147.6	0	0	0	13698	7550.2	1.3484	1.3529	1.3584	
0.67702	2.0873	0.85638	0.85638	0.18725	12.149	11.429	11.43	-2.4153	1.1794	7.542e+05	0	0	0	0.65508	0.011929	0.03863	0.056524	0.23812	0.043533	0.066041	0.13134	0.3202	0.040585	0.058643	0.11952	0.28281	124.18	341.52	66.052	141.67	62.668	128.14	0.0028308	2.8111e+08	0.013245	0.28698	0.28698	8.9379	0.0068502	0.0035927	0.0031588	0.0027733	0.0033968	0.098159	0.22796	0.18676	0.087332	0.010826	0.11769	0.10398	0.11027	0.08278	0.34806	-11818	3032.7	-8785.3	0	0	0	4854	-3931.3	5561.9	0	0	0	13766	8204.3	1.3465	1.3502	1.3557	
0.7078	2.0607	0.84914	0.84914	0.18123	11.831	11.161	11.157	-2.9295	1.1759	7.2665e+05	0	0	0	0.60907	0.010528	0.033727	0.04952	0.20676	0.034604	0.050899	0.10281	0.24652	0.032206	0.045014	0.093324	0.21743	119.89	324.76	63.865	133.51	59.761	121.7	0.0029258	2.7199e+08	0.013416	0.29067	0.29067	8.6114	0.0071192	0.0037069	0.0032615	0.0027377	0.0033523	0.08992	0.20903	0.14885	0.077653	0.012268	0.10088	0.072204	0.10815	0.076648	0.0039402	-11515	2658.3	-8856.6	0	0	0	4778.9	-4077.7	4330.9	0	0	0	13207	8876.3	1.3448	1.3475	1.3529	
0.73857	2.031	0.84099	0.84099	0.1745	11.492	10.859	10.852	-3.2899	1.1718	6.9684e+05	0	0	0	0.55976	0.0092706	0.029534	0.04344	0.18066	0.030122	0.043526	0.088709	0.21093	0.02796	0.038455	0.080395	0.18644	115.25	308.77	62.802	130.11	58.523	118.99	0.0030343	2.6226e+08	0.013612	0.29493	0.29493	8.2581	0.0074212	0.0038435	0.0033829	0.0026975	0.0033026	0.088044	0.20871	0.15159	0.074167	0.013877	0.093263	0.067076	0.11545	0.084512	0.00019581	-12015	2888.6	-9126.2	0	0	0	4681.4	-4444.8	3022.7	0	0	0	12587	9564.2	1.3433	1.345	1.3504	
0.76934	1.998	0.83174	0.83174	0.16725	11.131	10.534	10.525	-3.6432	1.1674	6.6516e+05	0	0	0	0.50872	0.008086	0.025654	0.037783	0.15675	0.026378	0.037683	0.07725	0.18319	0.024538	0.033181	0.069988	0.16131	110.26	292.6	61.375	126.48	57.126	115.94	0.0031587	2.5193e+08	0.013837	0.2998	0.2998	7.8827	0.0077618	0.0039993	0.0035204	0.0026539	0.003249	0.085585	0.20786	0.15267	0.069997	0.015588	0.085052	0.06159	0.1228	0.091078	-0.00067903	-12434	3064.3	-9369.8	0	0	0	4561.5	-4808.3	1622.7	0	0	0	11886	10263	1.342	1.3428	1.3482	
0.80012	1.9616	0.82134	0.82134	0.15949	10.747	10.187	10.177	-4.0235	1.1626	6.3179e+05	0	0	0	0.45669	0.0069271	0.02193	0.032321	0.134	0.022968	0.032286	0.066737	0.1574	0.021382	0.028313	0.060386	0.13801	106.06	279.54	59.021	121.22	54.996	111.31	0.0033021	2.4099e+08	0.014093	0.30535	0.30535	7.4872	0.0081453	0.0041743	0.0036745	0.002607	0.0031913	0.082255	0.2062	0.15292	0.064842	0.017413	0.075982	0.055402	0.13022	0.097514	-0.00071497	-12917	3180.8	-9736.2	0	0	0	4419.2	-5317.1	120.37	0	0	0	11090	10969	1.3409	1.341	1.3463	
0.83089	1.9219	0.80974	0.80974	0.15123	10.342	9.8189	9.8079	-4.4322	1.1574	5.9689e+05	0	0	0	0.40441	0.0058866	0.018597	0.027427	0.11366	0.019911	0.027455	0.057321	0.13425	0.018587	0.024008	0.051888	0.11743	101.16	265.37	56.263	115.35	52.564	106.14	0.0034677	2.2948e+08	0.014384	0.31166	0.31166	7.0736	0.0085844	0.004374	0.0038501	0.0025567	0.0031296	0.078766	0.20414	0.15288	0.059347	0.019419	0.066847	0.049096	0.13729	0.10378	-0.00068305	-13270	3260.4	-10010	0	0	0	4255.3	-5754.3	-1489.9	0	0	0	10186	11676	1.34	1.3393	1.3446	
0.86167	1.8786	0.79674	0.79674	0.14254	9.9172	9.4311	9.4199	-4.8683	1.1518	5.6066e+05	0	0	0	0.3527	0.0049717	0.01567	0.023127	0.095811	0.017251	0.023243	0.04912	0.11396	0.016161	0.020246	0.044487	0.099485	95.55	249.86	53.259	109.06	49.931	100.65	0.0036591	2.1748e+08	0.014717	0.31886	0.31886	6.6443	0.0090869	0.0046016	0.00405	0.0025031	0.0030638	0.075252	0.20156	0.15253	0.053666	0.021586	0.057897	0.042871	0.14366	0.10966	-0.00059295	-13437	3297.9	-10139	0	0	0	4071.8	-6067.6	-3191.6	0	0	0	9187.5	12379	1.3392	1.3378	1.3431	
0.89244	1.8317	0.78234	0.78234	0.13349	9.4746	9.0263	9.015	-5.328	1.1458	5.2349e+05	0	0	0	0.30255	0.0041811	0.013138	0.01941	0.080374	0.014934	0.019609	0.04201	0.096581	0.014072	0.01705	0.038159	0.084236	88.72	231.82	50.107	102.58	47.11	94.963	0.0038801	2.0509e+08	0.015093	0.32702	0.32702	6.2037	0.0096632	0.0048614	0.004278	0.0024462	0.002994	0.071879	0.19846	0.15189	0.047985	0.023893	0.049392	0.036956	0.14907	0.11493	-0.00056101	-13311	3291.1	-10020	0	0	0	3871.2	-6148.7	-4952.3	0	0	0	8120.3	13073	1.3384	1.3364	1.3416	
0.92321	1.7811	0.76639	0.76639	0.12417	9.018	8.6075	8.5963	-5.8103	1.1394	4.8571e+05	0	0	0	0.25491	0.0035092	0.010982	0.016246	0.067211	0.012952	0.0165	0.035928	0.081718	0.012315	0.014372	0.032845	0.071466	81.236	211.59	46.908	96.078	44.129	89.171	0.0041353	1.9244e+08	0.015522	0.3363	0.3363	5.7561	0.010323	0.0051572	0.0045374	0.0023862	0.0029206	0.068871	0.1949	0.15097	0.042499	0.026372	0.041563	0.031488	0.15334	0.11948	-0.00058208	-12905	3242.9	-9661.9	0	0	0	3656.9	-6005	-6728	0	0	0	7023.6	13752	1.3375	1.335	1.3401	
0.95399	1.7271	0.74884	0.74884	0.1147	8.551	8.1779	8.1669	-6.3159	1.1328	4.4774e+05	0	0	0	0.21066	0.0029454	0.0091653	0.013583	0.0561	0.011272	0.013863	0.030771	0.069094	0.010852	0.012169	0.028447	0.060905	73.672	190.87	43.669	89.634	41.022	83.279	0.0044297	1.7964e+08	0.016007	0.34682	0.34682	5.3061	0.011079	0.0054942	0.0048328	0.0023234	0.0028437	0.066334	0.19091	0.14979	0.037344	0.02899	0.034547	0.026552	0.15637	0.12324	-0.00084236	-12300	3152.9	-9147	0	0	0	3432.2	-5714.8	-8479	0	0	0	5932.6	14412	1.3363	1.3334	1.3384	
0.98476	1.6697	0.72964	0.72964	0.10519	8.0776	7.7408	7.7301	-6.8551	1.126	4.0999e+05	0	0	0	0.17051	0.0024771	0.0076489	0.011365	0.046799	0.0098543	0.011638	0.026419	0.058386	0.0096371	0.01038	0.024835	0.052254	66.157	170.73	40.396	83.244	37.799	77.26	0.0047695	1.6685e+08	0.016558	0.35875	0.35875	4.8586	0.011943	0.005878	0.0051692	0.002258	0.0027636	0.064445	0.18649	0.14833	0.032623	0.031822	0.028411	0.022184	0.15808	0.12615	-0.0015991	-11548	3021.1	-8527	0	0	0	3200.8	-5326.2	-10175	0	0	0	4873.1	15048	1.3349	1.3315	1.3365	
1.0155	1.6088	0.70864	0.70864	0.095753	7.6021	7.2996	7.2896	-7.4577	1.119	3.7279e+05	0	0	0	0.13496	0.0021293	0.0064882	0.0096822	0.039567	0.0087753	0.0098833	0.023046	0.049715	0.0087664	0.0092225	0.022372	0.046367	58.745	150.33	37.251	77.462	34.702	71.988	0.005161	1.5419e+08	0.017184	0.37232	0.37232	4.4179	0.012934	0.0063173	0.0055535	0.0021904	0.0026808	0.063704	0.18196	0.14677	0.028841	0.034864	0.02348	0.018645	0.15848	0.12813	-0.0025134	-10643	2868.7	-7774	0	0	0	2966.8	-4807.2	-11785	0	0	0	3872	15657	1.3331	1.3294	1.3343	
1.0463	1.5448	0.68589	0.68589	0.0865	7.1283	6.8577	6.8492	-8.1594	1.112	3.3656e+05	0	0	0	0.10435	0.0018435	0.0055246	0.00829	0.033533	0.0078903	0.0085559	0.020391	0.043006	0.008	0.0083943	0.020394	0.04217	51.776	131.41	33.941	71.577	31.409	66.435	0.0056126	1.4178e+08	0.017896	0.38775	0.38775	3.9885	0.014064	0.0068176	0.0059899	0.0021207	0.0025958	0.063672	0.17712	0.14496	0.025521	0.038151	0.019312	0.015743	0.15781	0.12922	-0.0019911	-9701.4	2667.1	-7034.3	0	0	0	2733.3	-4301.1	-13291	0	0	0	2946.2	16237	1.3307	1.3268	1.3316	
1.0771	1.4776	0.66129	0.66129	0.077499	6.659	6.4181	6.4116	-8.9401	1.1049	3.0154e+05	0	0	0	0.078661	0.0016038	0.0047153	0.007121	0.028461	0.0071388	0.0076174	0.018326	0.038228	0.0072335	0.0077417	0.018592	0.039115	45.369	114.28	30.482	65.447	27.999	60.491	0.0061353	1.297e+08	0.01871	0.40539	0.40539	3.5735	0.01535	0.007385	0.0064839	0.0020494	0.0025087	0.064355	0.17218	0.14302	0.022596	0.041759	0.015809	0.013423	0.15637	0.1296	0.00022818	-8773.4	2426	-6347.4	0	0	0	2502.7	-3844.7	-14689	0	0	0	2095.1	16784	1.3279	1.3237	1.3285	
1.1079	1.4074	0.63489	0.63489	0.068817	6.1962	5.9832	5.9785	-9.7128	1.0978	2.6799e+05	0	0	0	0.057693	0.0014041	0.0040466	0.0061528	0.024283	0.0064738	0.0069609	0.016672	0.035021	0.0064806	0.0071412	0.016862	0.036676	39.242	97.95	27.076	59.277	24.662	54.395	0.0067432	1.1801e+08	0.019643	0.4256	0.4256	3.1759	0.016817	0.0080293	0.0070444	0.0019766	0.0024199	0.065777	0.1672	0.14098	0.020058	0.045719	0.012916	0.011569	0.15428	0.12941	0.0030644	-7798.7	2170.7	-5628	0	0	0	2277.2	-3350.8	-15974	0	0	0	1323	17297	1.3245	1.3202	1.3248	
1.1386	1.3343	0.60664	0.60664	0.060523	5.7417	5.5549	5.5516	-10.366	1.0907	2.3608e+05	0	0	0	0.041051	0.0012398	0.0035044	0.0053641	0.020922	0.0058605	0.0064333	0.015224	0.032659	0.0057801	0.0065164	0.015187	0.034307	33.531	83.228	23.924	53.346	21.599	48.451	0.0074544	1.0675e+08	0.020719	0.44891	0.44891	2.7978	0.018494	0.0087618	0.0076819	0.0019025	0.0023293	0.067929	0.16231	0.13887	0.017884	0.050045	0.010561	0.010007	0.15175	0.12886	0.0049997	-6829.3	1928.8	-4900.5	0	0	0	2058.5	-2842	-17134	0	0	0	641.2	17775	1.3205	1.3161	1.3207	
1.1694	1.2588	0.57669	0.57669	0.052687	5.2964	5.1337	5.1314	-10.825	1.0837	2.0599e+05	0	0	0	0.028241	0.0011049	0.0030692	0.0047267	0.018249	0.0053063	0.0059316	0.013891	0.030527	0.0051602	0.0058667	0.013607	0.031735	28.241	69.926	21.108	47.801	18.894	42.901	0.0082927	9.5961e+07	0.021963	0.47586	0.47586	2.4412	0.020425	0.0096023	0.0084141	0.0018267	0.0022368	0.070815	0.15755	0.13669	0.016034	0.054781	0.0086572	0.0086181	0.1489	0.12807	0.0057379	-5875.2	1714.7	-4160.4	0	0	0	1847.9	-2312.5	-18157	0	0	0	59.384	18216	1.3159	1.3115	1.3159	
1.2002	1.1808	0.54504	0.54504	0.045366	4.861	4.7201	4.7182	-11.058	1.0768	1.7781e+05	0	0	0	0.018697	0.00099334	0.0027178	0.0042078	0.016116	0.0048081	0.0054188	0.012631	0.028313	0.0046298	0.0052263	0.012171	0.028965	23.389	58.002	18.628	42.707	16.574	37.904	0.0092901	8.5658e+07	0.023413	0.50727	0.50727	2.1072	0.022662	0.010575	0.0092622	0.0017494	0.0021422	0.074459	0.15301	0.13453	0.01445	0.060009	0.0071098	0.0073599	0.1459	0.12717	0.0061057	-4958.1	1533.1	-3425	0	0	0	1646.4	-1778.6	-19034	0	0	0	-413.62	18620	1.3108	1.3063	1.3107	
1.231	1.101	0.5119	0.5119	0.038602	4.4355	4.3139	4.3122	-11.053	1.0701	1.5166e+05	0	0	0	0.011845	0.00089723	0.0024259	0.0037718	0.014382	0.0043293	0.0047959	0.01129	0.025452	0.0041691	0.0045505	0.010804	0.025652	18.725	46.562	16.437	37.953	14.624	33.461	0.010492	7.5847e+07	0.02511	0.54404	0.54404	1.7973	0.025287	0.011717	0.010258	0.0016703	0.0020453	0.078781	0.14869	0.13233	0.013044	0.065737	0.0058323	0.0061197	0.14286	0.12621	0.0035577	-4036.2	1379.9	-2656.3	0	0	0	1454.3	-1201.9	-19754	0	0	0	-766.18	18988	1.3052	1.3008	1.305	
1.2617	1.0197	0.47743	0.47743	0.032413	4.0197	3.9145	3.913	-10.907	1.0636	1.2758e+05	0	0	0	0.007126	0.00081107	0.0021705	0.0033871	0.012889	0.0038688	0.0041285	0.0099317	0.022291	0.0037487	0.0038808	0.0095039	0.022184	14.48	36.163	14.394	33.438	12.865	29.386	0.011961	6.6528e+07	0.027112	0.58743	0.58743	1.5119	0.028413	0.013082	0.01145	0.0015891	0.0019459	0.083838	0.1446	0.13016	0.011761	0.072078	0.0047553	0.0049627	0.13984	0.1252	-0.0011045	-3176.1	1239.5	-1936.6	0	0	0	1272.2	-664.41	-20310	0	0	0	-991.83	19318	1.2995	1.2951	1.2993	
1.2925	0.93738	0.44189	0.44189	0.026797	3.6133	3.522	3.5206	-10.803	1.0572	1.0564e+05	0	0	0	0.0040319	0.00072985	0.0019298	0.0030246	0.011485	0.0034006	0.0034264	0.0085273	0.01896	0.0033242	0.0031861	0.0081723	0.018575	10.821	27.156	12.333	28.887	11.098	25.322	0.01379	5.7707e+07	0.029493	0.63901	0.63901	1.2519	0.032212	0.014748	0.012904	0.0015057	0.0018437	0.08961	0.14074	0.12801	0.010551	0.079059	0.003827	0.0038704	0.13691	0.12414	-0.010759	-2423.7	1087.5	-1336.2	0	0	0	1100.1	-236.11	-20715	0	0	0	-1102.9	19612	1.2938	1.2895	1.2935	
1.3233	0.8547	0.40561	0.40561	0.021737	3.2156	3.1358	3.1345	-11.121	1.0509	85873	0	0	0	0.0021168	0.00064575	0.0016706	0.0026392	0.0099408	0.0028732	0.0026104	0.0069201	0.015118	0.0028437	0.0023697	0.0066352	0.014393	7.815	19.682	10.066	23.809	9.1182	20.74	0.016113	4.9387e+07	0.032346	0.70083	0.70083	1.0177	0.036952	0.016839	0.014729	0.0014192	0.0017378	0.096047	0.13712	0.1259	0.0093314	0.086715	0.0029924	0.0027543	0.13412	0.12314	-0.031619	-1799.9	889.72	-910.17	0	0	0	938.44	28.269	-20999	0	0	0	-1128.9	19870	1.288	1.2839	1.2878	
1.354	0.77238	0.36898	0.36898	0.017208	2.8256	2.755	2.7536	-12.678	1.0446	68291	0	0	0	0.0010116	0.00055208	0.001371	0.0021991	0.0080989	0.0022761	0.0016092	0.0050233	0.010296	0.0023169	0.0014317	0.004907	0.0094903	5.5376	14.087	7.4865	17.687	6.8448	15.237	0.019144	4.1568e+07	0.035793	0.77552	0.77552	0.80931	0.043079	0.019564	0.017109	0.0013289	0.0016272	0.10306	0.13375	0.12379	0.0080843	0.094978	0.002237	0.0015986	0.13151	0.12219	-0.067824	-1328	613.46	-714.49	0	0	0	787.15	72.654	-21210	0	0	0	-1115.8	20094	1.2824	1.2784	1.2822	
1.3848	0.69138	0.3325	0.3325	0.01319	2.4424	2.3791	2.3779	-16.895	1.0382	52899	0	0	0	0.00042829	0.00044276	0.0010259	0.00169	0.0059673	0.0017776	0.00073129	0.0033977	0.0057275	0.0018939	0.00072593	0.0035668	0.005696	3.9188	9.915	4.9904	11.28	4.7489	10.191	0.02323	3.4256e+07	0.039987	0.86637	0.86637	0.62689	0.051383	0.023289	0.020359	0.0012338	0.0015107	0.11045	0.13061	0.12176	0.0068111	0.10364	0.0015722	0.00072677	0.12904	0.12104	-0.10103	-996.68	300.44	-696.23	0	0	0	646.36	-49.87	-21396	0	0	0	-1113	20283	1.2771	1.2731	1.2769	
1.4156	0.61285	0.29675	0.29675	0.0096701	2.065	2.0087	2.0079	-25.076	1.0316	39684	0	0	0	0.00015455	0.00032205	0.00066875	0.0011518	0.0038103	0.0015073	0.00034529	0.0026063	0.0036804	0.0016597	0.00043804	0.0029275	0.0041698	2.9579	7.0864	3.2702	7.523	3.2494	7.506	0.028988	2.7452e+07	0.04511	0.97739	0.97739	0.47028	0.063376	0.028688	0.025065	0.0011327	0.001387	0.11777	0.12771	0.11991	0.005469	0.1123	0.0010127	0.00033963	0.12669	0.11957	-0.11084	-838.29	77.759	-760.53	0	0	0	516.09	-244.44	-21593	0	0	0	-1153	20440	1.272	1.2681	1.2718	
1.4464	0.53816	0.26245	0.26245	0.0066335	1.6923	1.6439	1.6436	-37.608	1.0247	28590	0	0	0	4.4548e-05	0.00021677	0.00039808	0.00072323	0.0022343	0.0013598	0.00021245	0.0022521	0.0029879	0.0015147	0.00029729	0.0025693	0.003536	2.1935	4.5843	2.0693	5.125	2.16	5.1204	0.03757	2.1181e+07	0.051371	1.113	1.113	0.33881	0.082253	0.037171	0.032453	0.001024	0.001254	0.12447	0.12506	0.11814	0.0042753	0.12019	0.00062041	0.00017144	0.12444	0.11797	-0.10839	-736.06	-82.644	-818.71	0	0	0	396.73	-421.98	-21811	0	0	0	-1245.2	20566	1.2672	1.2634	1.267	
1.4771	0.46885	0.23038	0.23038	0.0040428	1.3232	1.2841	1.2842	-54.4	1.0172	19503	0	0	0	9.0879e-06	0.00013524	0.00020616	0.00040902	0.001186	0.0012857	7.5561e-05	0.0020042	0.002402	0.001562	0.00014514	0.0024881	0.0028597	1.443	2.4755	1.4203	3.4756	2.4969	5.3028	0.051432	1.5472e+07	0.058966	1.2776	1.2776	0.23113	0.11596	0.052269	0.045589	0.00090438	0.0011077	0.12896	0.12264	0.11655	0.003068	0.12589	0.00034279	2.6027e-05	0.12229	0.11652	-0.12034	-586.18	-333.56	-919.74	0	0	0	288.72	-631.02	-22056	0	0	0	-1393.8	20662	1.2628	1.2592	1.2626	
1.5079	0.40676	0.20153	0.20153	0.0018488	0.9567	0.92782	0.92799	-75.919	1.0091	12254	0	0	0	1.0062e-06	8.372e-05	8.9874e-05	0.00021545	0.00058459	0.0014102	0.00011307	0.0022284	0.0022695	0.0017996	0.00052838	0.0032278	0.0039332	0.8607	1.3963	1.9497	4.8293	3.4083	9.661	0.076651	1.0382e+07	0.067967	1.4726	1.4726	0.14522	0.18945	0.085047	0.074136	0.00076832	0.00094108	0.12874	0.12042	0.11509	0.0019151	0.12682	0.00016547	-0.00026566	0.12025	0.11535	-0.1853	-371.52	-814.19	-1185.7	0	0	0	193	-992.71	-22359	0	0	0	-1627.5	20732	1.2589	1.2553	1.2587	
1.5387	0.354	0.177	0.177	1.4014e-06	0.59172	0.57368	0.5738	-104.71	1	6610.2	0	0	0	2.8812e-08	5.6476e-05	1.5953e-05	0.00010067	0.00022009	0.0014017	0.00037878	0.0024814	0.0035182	0.0015581	0.00055635	0.0028935	0.0046754	0.37605	0.72698	0.64533	3.5816	-0.33409	2.5735	0.13285	5.9902e+06	0.078096	1.6921	1.6921	0.078336	0.41978	0.18746	0.16331	0.00060386	0.00073965	0.12243	0.1165	0.11269	0.00039112	0.12204	4.5992e-05	-3.1866e-05	0.11645	0.11272	-7.149e-06	-768.81	763.11	-5.6986	0	0	0	193	187.31	-22532	0	0	0	-1743.8	20788	1.2554	1.2519	1.2551	
