% N=  98
%           r           Er
   3.0774E-02  -8.2697E-02
   3.0774E-02   9.0987E-02
   3.0774E-02   1.7365E+00
   6.1548E-02  -1.6749E-01
   6.1548E-02   1.8460E-01
   6.1548E-02   3.4640E+00
   9.2321E-02  -2.5598E-01
   9.2321E-02   2.8281E-01
   9.2321E-02   5.1722E+00
   1.2310E-01  -3.4963E-01
   1.2310E-01   3.8785E-01
   1.2310E-01   6.8427E+00
   1.5387E-01  -4.5017E-01
   1.5387E-01   5.0164E-01
   1.5387E-01   8.4700E+00
   1.8464E-01  -5.5831E-01
   1.8464E-01   6.2582E-01
   1.8464E-01   1.0043E+01
   2.1542E-01  -6.7429E-01
   2.1542E-01   7.6079E-01
   2.1542E-01   1.1549E+01
   2.4619E-01  -7.9854E-01
   2.4619E-01   9.0787E-01
   2.4619E-01   1.2977E+01
   2.7696E-01  -9.3144E-01
   2.7696E-01   1.0678E+00
   2.7696E-01   1.4323E+01
   3.0774E-01  -1.0699E+00
   3.0774E-01   1.2377E+00
   3.0774E-01   1.5569E+01
   3.3851E-01  -1.1974E+00
   3.3851E-01   1.3951E+00
   3.3851E-01   1.6744E+01
   3.6929E-01  -1.3116E+00
   3.6929E-01   1.5364E+00
   3.6929E-01   1.7848E+01
   4.0006E-01  -1.4208E+00
   4.0006E-01   1.6738E+00
   4.0006E-01   1.8865E+01
   4.3083E-01  -1.5275E+00
   4.3083E-01   1.8089E+00
   4.3083E-01   1.9746E+01
   4.6161E-01  -1.6349E+00
   4.6161E-01   1.9477E+00
   4.6161E-01   2.0526E+01
   4.9238E-01  -1.7462E+00
   4.9238E-01   2.0967E+00
   4.9238E-01   2.1165E+01
   5.2315E-01  -1.8690E+00
   5.2315E-01   2.2629E+00
   5.2315E-01   2.1639E+01
   5.5393E-01  -2.0086E+00
   5.5393E-01   2.4669E+00
   5.5393E-01   2.1888E+01
   5.8470E-01  -2.2344E+00
   5.8470E-01   2.8177E+00
   5.8470E-01   2.1655E+01
   6.1548E-01  -2.5202E+00
   6.1548E-01   3.3165E+00
   6.1548E-01   2.0667E+01
   6.4625E-01  -2.7591E+00
   6.4625E-01   4.0154E+00
   6.4625E-01   1.7080E+01
   6.7702E-01  -2.7967E+00
   6.7702E-01   4.8217E+00
   6.7702E-01   1.2508E+01
   7.0780E-01  -2.9407E+00
   7.0780E-01   5.6412E+00
   7.0780E-01   1.1011E+01
   7.3857E-01  -3.2959E+00
   7.3857E-01   7.1847E+00
   7.3857E-01   9.5921E+00
   7.6934E-01  -3.6485E+00
   8.0012E-01  -4.0289E+00
   8.3089E-01  -4.4379E+00
   8.6167E-01  -4.8750E+00
   8.9244E-01  -5.3358E+00
   9.2321E-01  -5.8186E+00
   9.5399E-01  -6.3228E+00
   9.8476E-01  -6.8555E+00
   1.0155E+00  -7.4478E+00
   1.0463E+00  -8.1541E+00
   1.0771E+00  -8.9734E+00
   1.1079E+00  -9.8091E+00
   1.1386E+00  -1.0504E+01
   1.1694E+00  -1.0964E+01
   1.2002E+00  -1.1185E+01
   1.2310E+00  -1.1078E+01
   1.2617E+00  -1.0754E+01
   1.2925E+00  -1.0279E+01
   1.3233E+00  -9.6882E+00
   1.3540E+00  -9.0043E+00
   1.3848E+00  -8.2585E+00
   1.4156E+00  -7.4691E+00
   1.4464E+00  -6.6669E+00
   1.4771E+00  -5.8200E+00
   1.5079E+00  -4.8303E+00
   1.5387E+00  -3.5359E+00
