% N=  51
%           r   D11e,m^2/s         D12e         D21e         D22e         D31e         D32e         D11D         D12D         D21D         D22D         D31D         D32D         D11T         D12T         D21T         D22T         D31T         D32T        D11He        D12He        D21He        D22He        D31He        D32He
   0.0000E+00   8.6984E-03   2.2406E-02   3.5453E-02   1.2599E-01   8.1242E+02   1.8595E+03   8.4989E-03   9.0031E-03   2.1751E-02   5.4825E-02   7.2478E+01   2.9271E+02   8.3651E-03   8.9044E-03   2.1452E-02   5.5905E-02   7.3965E+01   2.7889E+02   4.7292E-03   3.2384E-03   1.0332E-02   1.9630E-02  -4.2740E+00   1.5814E+01
   4.0898E-02   8.7368E-03   2.2465E-02   3.5570E-02   1.2617E-01   8.0601E+02   1.8384E+03   8.5029E-03   8.9779E-03   2.1732E-02   5.4190E-02   7.7482E+01   3.0225E+02   8.3691E-03   8.8746E-03   2.1428E-02   5.5285E-02   7.8975E+01   2.8809E+02   4.7298E-03   3.2401E-03   1.0335E-02   1.9648E-02  -3.2309E+00   1.8617E+01
   8.1796E-02   8.8503E-03   2.2608E-02   3.5883E-02   1.2658E-01   7.7859E+02   1.7508E+03   8.4951E-03   9.0095E-03   2.1752E-02   5.4357E-02   9.6170E+01   3.3705E+02   8.3649E-03   8.8873E-03   2.1435E-02   5.5416E-02   9.7626E+01   3.2159E+02   4.7189E-03   3.2275E-03   1.0306E-02   1.9622E-02   7.9785E-01   2.9198E+01
   1.2269E-01   9.0330E-03   2.2847E-02   3.6397E-02   1.2739E-01   7.3510E+02   1.6152E+03   8.4976E-03   9.0891E-03   2.1836E-02   5.4944E-02   1.2499E+02   3.9034E+02   8.3735E-03   8.9344E-03   2.1495E-02   5.5884E-02   1.2632E+02   3.7276E+02   4.7078E-03   3.2162E-03   1.0278E-02   1.9618E-02   7.0821E+00   4.5556E+01
   1.6359E-01   9.2785E-03   2.3172E-02   3.7090E-02   1.2851E-01   6.7742E+02   1.4399E+03   8.5166E-03   9.1980E-03   2.1973E-02   5.5621E-02   1.6188E+02   4.5795E+02   8.4012E-03   8.9983E-03   2.1600E-02   5.6326E-02   1.6297E+02   4.3763E+02   4.7007E-03   3.2119E-03   1.0263E-02   1.9657E-02   1.5224E+01   6.6540E+01
   2.0449E-01   9.5838E-03   2.3580E-02   3.7956E-02   1.2994E-01   6.0763E+02   1.2340E+03   8.5604E-03   9.3371E-03   2.2178E-02   5.6321E-02   2.0472E+02   5.3576E+02   8.4572E-03   9.0850E-03   2.1771E-02   5.6704E-02   2.0542E+02   5.1216E+02   4.7018E-03   3.2211E-03   1.0274E-02   1.9767E-02   2.4799E+01   9.0965E+01
   2.4539E-01   9.9467E-03   2.4075E-02   3.8995E-02   1.3172E-01   5.2773E+02   1.0060E+03   8.6379E-03   9.5152E-03   2.2472E-02   5.7098E-02   2.5153E+02   6.1996E+02   8.5509E-03   9.2114E-03   2.2038E-02   5.7126E-02   2.5159E+02   5.9244E+02   4.7145E-03   3.2500E-03   1.0322E-02   1.9972E-02   3.5386E+01   1.1769E+02
   2.8629E-01   1.0366E-02   2.4682E-02   4.0231E-02   1.3435E-01   4.3953E+02   7.6328E+02   8.7556E-03   9.7430E-03   2.2876E-02   5.8049E-02   3.0030E+02   7.0673E+02   8.6902E-03   9.3970E-03   2.2432E-02   5.7747E-02   2.9951E+02   6.7479E+02   4.7412E-03   3.3035E-03   1.0415E-02   2.0294E-02   4.6572E+01   1.4559E+02
   3.2719E-01   1.0842E-02   2.5374E-02   4.1638E-02   1.3705E-01   3.4481E+02   5.1306E+02   8.9271E-03   1.0039E-02   2.3430E-02   5.9287E-02   3.4924E+02   7.9271E+02   8.8896E-03   9.6692E-03   2.3004E-02   5.8723E-02   3.4742E+02   7.5605E+02   4.7865E-03   3.3904E-03   1.0570E-02   2.0771E-02   5.7969E+01   1.7366E+02
   3.6808E-01   1.1364E-02   2.6159E-02   4.3206E-02   1.4018E-01   2.4476E+02   2.6017E+02   9.1488E-03   1.0395E-02   2.4119E-02   6.0770E-02   3.9686E+02   8.7499E+02   9.1493E-03   1.0029E-02   2.3753E-02   6.0058E-02   3.9370E+02   8.3311E+02   4.8494E-03   3.5100E-03   1.0784E-02   2.1395E-02   6.9248E+01   2.0099E+02
   4.0898E-01   1.1923E-02   2.7034E-02   4.4918E-02   1.4377E-01   1.4055E+02   9.0178E+00   9.4269E-03   1.0822E-02   2.4962E-02   6.2540E-02   4.4173E+02   9.5082E+02   9.4761E-03   1.0484E-02   2.4698E-02   6.1775E-02   4.3699E+02   9.0348E+02   4.9318E-03   3.6646E-03   1.1062E-02   2.2172E-02   8.0131E+01   2.2689E+02
   4.4988E-01   1.2435E-02   2.7922E-02   4.6575E-02   1.4766E-01   1.9923E+01  -2.4651E+02   9.7599E-03   1.1237E-02   2.5877E-02   6.4132E-02   4.7792E+02   1.0034E+03   9.9029E-03   1.1028E-02   2.5883E-02   6.3646E-02   4.7078E+02   9.4906E+02   5.0460E-03   3.8733E-03   1.1442E-02   2.3129E-02   9.0392E+01   2.4881E+02
   4.9078E-01   1.2873E-02   2.8790E-02   4.8099E-02   1.5171E-01  -1.1174E+02  -5.0010E+02   1.0123E-02   1.1611E-02   2.6796E-02   6.5478E-02   5.0654E+02   1.0364E+03   1.0415E-02   1.1614E-02   2.7236E-02   6.5525E-02   4.9632E+02   9.7433E+02   5.1880E-03   4.1158E-03   1.1898E-02   2.4169E-02   9.9955E+01   2.6718E+02
   5.3168E-01   1.3248E-02   2.9606E-02   4.9478E-02   1.5555E-01  -2.4272E+02  -7.4783E+02   1.0508E-02   1.2043E-02   2.7806E-02   6.7806E-02   5.3148E+02   1.0619E+03   1.0983E-02   1.2269E-02   2.8744E-02   6.8465E-02   5.1812E+02   9.9302E+02   5.3497E-03   4.3664E-03   1.2391E-02   2.5216E-02   1.0895E+02   2.8444E+02
   5.7257E-01   1.3518E-02   3.0289E-02   5.0565E-02   1.5877E-01  -3.6828E+02  -9.8212E+02   1.0871E-02   1.2364E-02   2.8670E-02   6.8951E-02   5.5502E+02   1.0832E+03   1.1554E-02   1.2779E-02   3.0110E-02   6.9969E-02   5.3632E+02   1.0060E+03   5.5182E-03   4.5988E-03   1.2876E-02   2.6162E-02   1.1697E+02   2.9920E+02
   6.1347E-01   1.3680E-02   3.0812E-02   5.1333E-02   1.6133E-01  -4.8489E+02  -1.1985E+03   1.1240E-02   1.2717E-02   2.9577E-02   7.0428E-02   5.7352E+02   1.0970E+03   1.2136E-02   1.3257E-02   3.1461E-02   7.1614E-02   5.5239E+02   1.0169E+03   5.6978E-03   4.8152E-03   1.3362E-02   2.7053E-02   1.2426E+02   3.1293E+02
   6.5437E-01   1.3815E-02   3.1444E-02   5.2166E-02   1.6477E-01  -5.9018E+02  -1.3954E+03   1.1630E-02   1.3162E-02   3.0607E-02   7.2533E-02   5.8938E+02   1.1075E+03   1.2718E-02   1.3719E-02   3.2796E-02   7.3615E-02   5.6956E+02   1.0330E+03   5.8879E-03   5.0088E-03   1.3841E-02   2.7908E-02   1.3046E+02   3.2447E+02
   6.9527E-01   1.4202E-02   3.2979E-02   5.4282E-02   1.7337E-01  -6.8762E+02  -1.5846E+03   1.2265E-02   1.4282E-02   3.2680E-02   7.8357E-02   6.0792E+02   1.1266E+03   1.3389E-02   1.4543E-02   3.4626E-02   7.8513E-02   5.9493E+02   1.0647E+03   6.1283E-03   5.2412E-03   1.4434E-02   2.9267E-02   1.3652E+02   3.3721E+02
   7.3617E-01   1.6759E-02   4.1619E-02   6.6758E-02   2.2280E-01  -8.1110E+02  -1.8741E+03   1.5307E-02   2.0394E-02   4.3355E-02   1.0986E-01   6.5002E+02   1.2053E+03   1.5731E-02   1.9892E-02   4.3490E-02   1.0811E-01   6.4901E+02   1.1583E+03   6.8601E-03   6.6663E-03   1.6956E-02   3.7498E-02   1.4535E+02   3.6030E+02
   7.7707E-01   2.6466E-02   8.2513E-02   1.2221E-01   4.9618E-01  -9.6534E+02  -2.4121E+03   6.7126E-02   1.0895E-01   2.0964E-01   5.5883E-01   7.4847E+02   1.4793E+03   6.4174E-02   1.0379E-01   2.0005E-01   5.3517E-01   7.6656E+02   1.4632E+03   2.2298E-02   3.4448E-02   6.7895E-02   1.7708E-01   1.5507E+02   3.9782E+02
   8.1796E-01   2.3895E-02   7.3869E-02   1.0971E-01   4.4191E-01  -9.5931E+02  -2.3603E+03   5.7752E-02   9.3705E-02   1.8033E-01   4.8299E-01   7.4419E+02   1.4394E+03   5.5488E-02   8.9807E-02   1.7304E-01   4.6524E-01   7.5931E+02   1.4165E+03   1.9422E-02   2.9326E-02   5.8458E-02   1.5153E-01   1.5913E+02   4.0060E+02
   8.5886E-01   2.1329E-02   6.5517E-02   9.7511E-02   3.9054E-01  -9.3888E+02  -2.2792E+03   5.0714E-02   8.2476E-02   1.5855E-01   4.2695E-01   7.3274E+02   1.3910E+03   4.8989E-02   7.9483E-02   1.5297E-01   4.1340E-01   7.4502E+02   1.3626E+03   1.7180E-02   2.5484E-02   5.1254E-02   1.3238E-01   1.6072E+02   3.9874E+02
   8.9976E-01   1.8772E-02   5.7269E-02   8.5427E-02   3.4012E-01  -9.0570E+02  -2.1715E+03   4.4181E-02   7.2029E-02   1.3830E-01   3.7449E-01   7.1064E+02   1.3253E+03   4.2954E-02   6.9841E-02   1.3427E-01   3.6464E-01   7.2346E+02   1.2991E+03   1.5085E-02   2.1938E-02   4.4566E-02   1.1470E-01   1.5973E+02   3.9128E+02
   9.4066E-01   1.6295E-02   4.9323E-02   7.3765E-02   2.9170E-01  -8.6206E+02  -2.0434E+03   3.8060E-02   6.2156E-02   1.1925E-01   3.2458E-01   6.8424E+02   1.2558E+03   3.7274E-02   6.0652E-02   1.1656E-01   3.1786E-01   6.9571E+02   1.2286E+03   1.3121E-02   1.8638E-02   3.8319E-02   9.8223E-02   1.5658E+02   3.7999E+02
   9.8156E-01   1.3967E-02   4.1886E-02   6.2837E-02   2.4653E-01  -8.1040E+02  -1.9014E+03   3.2442E-02   5.2965E-02   1.0163E-01   2.7778E-01   6.5000E+02   1.1738E+03   3.2032E-02   5.2012E-02   1.0006E-01   2.7358E-01   6.6274E+02   1.1528E+03   1.1331E-02   1.5631E-02   3.2627E-02   8.3161E-02   1.5151E+02   3.6550E+02
   1.0225E+00   1.1816E-02   3.5036E-02   5.2759E-02   2.0506E-01  -7.5308E+02  -1.7530E+03   2.7382E-02   4.4542E-02   8.5614E-02   2.3464E-01   6.1209E+02   1.0904E+03   2.7272E-02   4.3997E-02   8.4905E-02   2.3228E-01   6.2446E+02   1.0711E+03   9.7352E-03   1.2950E-02   2.7553E-02   6.9667E-02   1.4456E+02   3.4792E+02
   1.0634E+00   9.8643E-03   2.8799E-02   4.3595E-02   1.6734E-01  -6.9575E+02  -1.6236E+03   2.3019E-02   3.7063E-02   7.1592E-02   1.9580E-01   5.7006E+02   1.0089E+03   2.3131E-02   3.6729E-02   7.1425E-02   1.9431E-01   5.8040E+02   9.8581E+02   8.3831E-03   1.0673E-02   2.3248E-02   5.8129E-02   1.3514E+02   3.2664E+02
   1.1043E+00   8.1275E-03   2.3305E-02   3.5496E-02   1.3441E-01  -6.3313E+02  -1.4841E+03   1.9269E-02   3.0422E-02   5.9325E-02   1.6117E-01   5.2494E+02   9.2286E+02   1.9572E-02   3.0212E-02   5.9570E-02   1.6015E-01   5.3353E+02   8.9702E+02   7.2610E-03   8.7362E-03   1.9628E-02   4.8246E-02   1.2472E+02   3.0298E+02
   1.1451E+00   6.6179E-03   1.8593E-02   2.8520E-02   1.0643E-01  -5.6673E+02  -1.3369E+03   1.6129E-02   2.4623E-02   4.8817E-02   1.3079E-01   4.7810E+02   8.3331E+02   1.6662E-02   2.4538E-02   4.9530E-02   1.3039E-01   4.8606E+02   8.0880E+02   6.3782E-03   7.1166E-03   1.6684E-02   3.9978E-02   1.1386E+02   2.7817E+02
   1.1860E+00   5.3002E-03   1.4528E-02   2.2478E-02   8.2483E-02  -4.9716E+02  -1.1812E+03   1.3491E-02   1.9410E-02   3.9646E-02   1.0348E-01   4.3125E+02   7.4381E+02   1.4416E-02   1.9572E-02   4.1196E-02   1.0450E-01   4.4030E+02   7.2543E+02   5.7334E-03   5.7363E-03   1.4336E-02   3.2879E-02   1.0307E+02   2.5318E+02
   1.2269E+00   4.0578E-03   1.0704E-02   1.6791E-02   6.0049E-02  -4.2211E+02  -1.0061E+03   1.1346E-02   1.4379E-02   3.1399E-02   7.7204E-02   3.8752E+02   6.6001E+02   1.3035E-02   1.5427E-02   3.4980E-02   8.1835E-02   3.9995E+02   6.5864E+02   5.3994E-03   4.7244E-03   1.2823E-02   2.6876E-02   9.3167E+01   2.2932E+02
   1.2678E+00   2.8433E-03   7.0596E-03   1.1325E-02   3.8971E-02  -3.3988E+02  -8.0833E+02   1.0633E-02   1.1959E-02   2.7908E-02   6.1221E-02   3.4861E+02   6.0358E+02   1.2514E-02   1.5506E-02   3.4277E-02   7.6041E-02   3.5315E+02   6.0299E+02   5.0743E-03   5.0450E-03   1.2656E-02   2.6912E-02   8.2259E+01   2.0565E+02
   1.3087E+00   2.1527E-03   5.1801E-03   8.4091E-03   2.8502E-02  -2.7260E+02  -6.5894E+02   9.7389E-03   1.2560E-02   2.7168E-02   6.2161E-02   3.0298E+02   5.4385E+02   1.0143E-02   1.4755E-02   2.9969E-02   7.6092E-02   2.9555E+02   5.2077E+02   4.2216E-03   4.2572E-03   1.0590E-02   2.5144E-02   6.8612E+01   1.7667E+02
   1.3496E+00   1.8836E-03   4.5308E-03   7.3562E-03   2.5019E-02  -2.2715E+02  -5.6345E+02   8.5774E-03   1.1492E-02   2.4358E-02   5.8253E-02   2.6414E+02   4.8203E+02   8.5914E-03   1.2275E-02   2.5162E-02   6.6016E-02   2.5546E+02   4.5273E+02   3.7793E-03   3.4443E-03   9.1132E-03   2.1355E-02   5.8104E+01   1.5399E+02
   1.3905E+00   1.7278E-03   4.1945E-03   6.7861E-03   2.3281E-02  -1.9050E+02  -4.8818E+02   7.7446E-03   1.0312E-02   2.1929E-02   5.3391E-02   2.3155E+02   4.2816E+02   7.7070E-03   1.0565E-02   2.2125E-02   5.7614E-02   2.2416E+02   3.9990E+02   3.5181E-03   3.0104E-03   8.2875E-03   1.8886E-02   4.9229E+01   1.3535E+02
   1.4314E+00   1.6040E-03   3.9422E-03   6.3481E-03   2.2005E-02  -1.5833E+02  -4.2206E+02   7.0834E-03   9.3474E-03   1.9972E-02   4.9349E-02   2.0194E+02   3.7910E+02   7.0367E-03   9.2656E-03   1.9821E-02   5.1010E-02   1.9608E+02   3.5340E+02   3.3067E-03   2.6950E-03   7.6550E-03   1.6980E-02   4.1069E+01   1.1823E+02
   1.4723E+00   1.4890E-03   3.7090E-03   5.9426E-03   2.0829E-02  -1.2963E+02  -3.6202E+02   6.5060E-03   8.5539E-03   1.8313E-02   4.6021E-02   1.7412E+02   3.3310E+02   6.4467E-03   8.1663E-03   1.7836E-02   4.5517E-02   1.6971E+02   3.1015E+02   3.1105E-03   2.4130E-03   7.0788E-03   1.5303E-02   3.3459E+01   1.0209E+02
   1.5132E+00   1.3744E-03   3.4702E-03   5.5318E-03   1.9611E-02  -1.0405E+02  -3.0712E+02   5.9785E-03   7.8630E-03   1.6831E-02   4.3064E-02   1.4813E+02   2.8994E+02   5.9030E-03   7.1962E-03   1.6051E-02   4.0735E-02   1.4467E+02   2.6914E+02   2.9203E-03   2.1482E-03   6.5287E-03   1.3770E-02   2.6458E+01   8.6991E+01
   1.5541E+00   1.2566E-03   3.2156E-03   5.1004E-03   1.8293E-02  -8.1387E+01  -2.5702E+02   5.4825E-03   7.2101E-03   1.5434E-02   4.0158E-02   1.2409E+02   2.4990E+02   5.4002E-03   6.3240E-03   1.4424E-02   3.6405E-02   1.2133E+02   2.3064E+02   2.7357E-03   1.9021E-03   6.0057E-03   1.2361E-02   2.0113E+01   7.2943E+01
   1.5950E+00   1.1342E-03   2.9401E-03   4.6413E-03   1.6844E-02  -6.1529E+01  -2.1159E+02   5.0039E-03   6.5389E-03   1.4045E-02   3.7020E-02   1.0217E+02   2.1293E+02   4.9347E-03   5.5198E-03   1.2922E-02   3.2284E-02   9.9904E+01   1.9503E+02   2.5575E-03   1.6762E-03   5.5125E-03   1.1052E-02   1.4448E+01   5.9910E+01
   1.6359E+00   9.9593E-04   2.6080E-03   4.1019E-03   1.5050E-02  -4.4185E+01  -1.6998E+02   4.5606E-03   5.8367E-03   1.2678E-02   3.3474E-02   8.2195E+01   1.7857E+02   4.5296E-03   4.8495E-03   1.1644E-02   2.8589E-02   8.0632E+01   1.6271E+02   2.3913E-03   1.4931E-03   5.0800E-03   9.9429E-03   9.5487E+00   4.8146E+01
   1.6768E+00   8.5470E-04   2.2552E-03   3.5372E-03   1.3114E-02  -2.9514E+01  -1.3292E+02   4.1388E-03   5.1067E-03   1.1315E-02   2.9592E-02   6.4122E+01   1.4673E+02   4.1625E-03   4.2616E-03   1.0505E-02   2.5148E-02   6.3160E+01   1.3319E+02   2.2325E-03   1.3367E-03   4.6854E-03   8.9569E-03   5.3752E+00   3.7591E+01
   1.7177E+00   7.1869E-04   1.9054E-03   2.9834E-03   1.1174E-02  -1.7497E+01  -1.0074E+02   3.7349E-03   4.3820E-03   9.9843E-03   2.5596E-02   4.8318E+01   1.1801E+02   3.8181E-03   3.7354E-03   9.4626E-03   2.1953E-02   4.7803E+01   1.0687E+02   2.0769E-03   1.1967E-03   4.3120E-03   8.0576E-03   1.9095E+00   2.8115E+01
   1.7586E+00   5.8822E-04   1.5632E-03   2.4455E-03   9.2541E-03  -7.8348E+00  -7.3105E+01   3.3525E-03   3.6990E-03   8.7278E-03   2.1691E-02   3.4394E+01   9.1669E+01   3.4875E-03   3.2763E-03   8.5076E-03   1.9098E-02   3.4656E+01   8.3958E+01   1.9213E-03   1.0686E-03   3.9505E-03   7.2380E-03  -8.3112E-01   1.9999E+01
   1.7995E+00   4.6580E-04   1.2350E-03   1.9337E-03   7.3899E-03  -4.0199E-01  -4.9992E+01   2.9938E-03   3.0940E-03   7.5846E-03   1.8121E-02   2.2579E+01   6.8698E+01   3.1608E-03   2.8781E-03   7.6193E-03   1.6629E-02   2.3300E+01   6.3800E+01   1.7637E-03   9.4609E-04   3.5916E-03   6.4790E-03  -2.9204E+00   1.3060E+01
   1.8404E+00   3.5383E-04   9.2759E-04   1.4583E-03   5.6213E-03   4.9053E+00  -3.1266E+01   2.6564E-03   2.5872E-03   6.5718E-03   1.5088E-02   1.3112E+01   4.9635E+01   2.8299E-03   2.5221E-03   6.7669E-03   1.4516E-02   1.3884E+01   4.6630E+01   1.6033E-03   8.2125E-04   3.2262E-03   5.7458E-03  -4.3606E+00   7.3351E+00
   1.8813E+00   2.5425E-04   6.4808E-04   1.0295E-03   3.9940E-03   8.2713E+00  -1.6634E+01   2.3322E-03   2.1678E-03   5.6662E-03   1.2628E-02   5.5195E+00   3.3312E+01   2.4904E-03   2.1764E-03   5.9120E-03   1.2610E-02   6.3555E+00   3.1964E+01   1.4420E-03   6.8795E-04   2.8510E-03   5.0006E-03  -5.1676E+00   2.7454E+00
   1.9222E+00   1.6965E-04   4.0455E-04   6.5903E-04   2.5557E-03   9.8417E+00  -5.8636E+00   2.0140E-03   1.7943E-03   4.8153E-03   1.0560E-02  -1.5664E-01   1.9890E+01   2.1471E-03   1.8166E-03   5.0372E-03   1.0739E-02   5.9120E-01   1.9582E+01   1.2854E-03   5.4519E-04   2.4734E-03   4.2255E-03  -5.3511E+00  -6.7594E-01
   1.9631E+00   1.0326E-04   2.0733E-04   3.6222E-04   1.3692E-03   9.7886E+00   1.5157E+00   1.7004E-03   1.4182E-03   3.9688E-03   8.5995E-03  -3.9084E+00   8.7395E+00   1.8116E-03   1.4352E-03   4.1526E-03   8.8052E-03  -3.3194E+00   9.1969E+00   1.1420E-03   3.9528E-04   2.1083E-03   3.4275E-03  -4.8701E+00  -2.8463E+00
   2.0040E+00   5.9368E-05   7.0664E-05   1.5972E-04   5.2983E-04   8.0814E+00   5.6191E+00   1.3952E-03   9.8430E-04   3.0771E-03   6.4237E-03  -5.4568E+00   1.8736E-01   1.4949E-03   1.0209E-03   3.2632E-03   6.7389E-03  -5.1272E+00   9.0574E-01   1.0273E-03   2.3876E-04   1.7797E-03   2.6192E-03  -3.7041E+00  -3.5371E+00
   2.0449E+00   4.0724E-05   3.5018E-06   6.4588E-05   1.1803E-04   4.5813E+00   5.4577E+00   1.1261E-03   4.0158E-04   2.0907E-03   3.5716E-03  -4.1570E+00  -3.7367E+00   1.2254E-03   4.8582E-04   2.3240E-03   4.1188E-03  -4.1116E+00  -3.4422E+00   9.8929E-04   7.4393E-05   1.5583E-03   1.8460E-03  -1.9048E+00  -2.5130E+00
