%(1)r,m	(2)ne,10^20/m^3	(3)nD,10^20/m^3	(4)nT,10^20/m^3	(5)nHe,10^20/m^3	(6)Te,keV	(7)TD,keV	(8)TT,keV	(9)Er,kV/m	(10)Zeff	(11)pressure,Pa	(12)PNBIe	(13)PNBIi	(14)PECRH	(15)Palpha	(16)D11e,m^2/s	(17)D12e	(18)D21e	(19)D22e	(20)D11D	(21)D12D	(22)D21D	(23)D22D	(24)D11T	(25)D12T	(26)D21T	(27)D22T	(28)D31e	(29)D32e	(30)D31D	(31)D32D	(32)D31T	(33)D32T	(34)Dpsi	(35)Sigma,A/V/m	(36)DeAno	(37)XeAno	(38)XiAno	(39)beta	(40)Nue	(41)NuD	(42)NuT	(43)roStarD	(44)roStarT	(45)FluxN	(46)FluxQe	(47)FluxQi	(48)FluxNeo	(49)FluxAno	(50)FluxQeNeo	(51)FluxQiNeo	(52)FluxQeAno	(53)FluxQiAno	(54)AmbiFlux	(55)J_bse,A/m^2	(56)J_bsi	(57)J_bs,A/m^2	(58)J_eccd	(59)J_nbcd	(60)J_cd	(61)J_ohm	(62)J_tor	(63)I_bs,A	(64)I_eccd	(65)I_nbcd	(66)I_cd	(67)I_tor	(68)I_ohm	(69)iotaCF	(70)iotaBS	(71)iota	
0	2.4102	0.89995	0.89995	0.30514	19.385	18.746	18.731	0	1.2532	1.3806e+06	0	0	0	1.8032	0.0095115	0.018694	0.032961	0.09454	0.0033891	0.00046048	0.0055441	0.0072119	0.0037895	0.00046154	0.0061457	0.0079832	-15.581	-68.442	5.0211	13.521	5.2952	13.165	0.0016168	4.9219e+08	0.011477	0.24867	0.24867	16.361	0.0032745	0.0016812	0.0014845	0.0036361	0.0044516	0.00084166	0.0074655	0.0050728	0.00058285	0.00025881	0.001498	0.00039103	0.0059675	0.0046818	-0.00014382	0	0	0	0	0	0	5189.1	5189.1	0	0	0	0	0	0	1.368	1.3686	1.3735	
0.030774	2.4098	0.89993	0.89993	0.30499	19.375	18.736	18.721	1.7387	1.2531	1.3797e+06	0	0	0	1.8018	0.0094901	0.018657	0.032892	0.094306	0.0033909	0.00045993	0.0055462	0.0071583	0.0037909	0.00046037	0.0061467	0.0079259	-15.209	-68.314	5.1366	13.835	5.4035	13.431	0.0016173	4.9204e+08	0.011479	0.2487	0.2487	16.351	0.0032761	0.0016822	0.0014853	0.0036348	0.00445	0.0016826	0.014927	0.010145	0.0011649	0.0005177	0.0029891	0.00078011	0.011938	0.0093651	-0.00026335	101.93	37.8	139.73	0	0	0	5189.1	5328.8	0.45384	0	0	0	17.308	16.854	1.368	1.3681	1.3734	
0.061548	2.4078	0.89983	0.89983	0.30404	19.32	18.675	18.661	3.4671	1.2526	1.3745e+06	0	0	0	1.7931	0.0094189	0.018552	0.03268	0.093646	0.0033988	0.00047502	0.0055732	0.0072219	0.0037941	0.00047449	0.0061656	0.007982	-13.745	-67.811	5.5863	15.037	5.8303	14.498	0.0016215	4.9077e+08	0.011489	0.24892	0.24892	16.289	0.0032891	0.0016896	0.0014918	0.0036277	0.0044414	0.0033866	0.029805	0.020259	0.00234	0.0010466	0.0059468	0.0015668	0.023858	0.018692	-0.00056485	209.97	81.97	291.94	0	0	0	5209.6	5501.6	2.8028	0	0	0	70.33	67.528	1.3679	1.3681	1.3734	
0.092321	2.4042	0.89963	0.89963	0.30248	19.228	18.576	18.562	5.1734	1.2516	1.366e+06	0	0	0	1.7786	0.009325	0.01844	0.032427	0.09292	0.0034113	0.000499	0.0056159	0.0073161	0.0037986	0.00049608	0.006194	0.0080502	-11.491	-67.352	6.3334	16.995	6.5512	16.268	0.0016287	4.8861e+08	0.011505	0.24928	0.24928	16.188	0.0033119	0.0017025	0.0015032	0.003616	0.004427	0.005092	0.044563	0.03028	0.0035265	0.0015655	0.0088484	0.0023559	0.035715	0.027924	-0.00098999	330.73	138.67	469.4	0	0	0	5241.2	5710.6	9.2636	0	0	0	161.59	152.32	1.3678	1.3681	1.3734	
0.1231	2.3994	0.89938	0.89938	0.30031	19.099	18.437	18.423	6.848	1.2503	1.3541e+06	0	0	0	1.7583	0.0091774	0.018224	0.031991	0.091751	0.0034278	0.00052997	0.0056717	0.007421	0.0038045	0.00052346	0.0062302	0.0081135	-8.7981	-67.055	7.3652	19.651	7.5631	18.707	0.0016391	4.8549e+08	0.011529	0.24979	0.24979	16.047	0.0033451	0.0017212	0.0015196	0.0035996	0.0044069	0.006783	0.059108	0.040165	0.0047038	0.0020792	0.011638	0.0031458	0.047471	0.037019	-0.0011493	467.26	213.99	681.25	0	0	0	5285	5966.3	22.65	0	0	0	294.38	271.73	1.3676	1.368	1.3734	
0.15387	2.3931	0.89903	0.89903	0.29753	18.933	18.261	18.247	8.4777	1.2487	1.3388e+06	0	0	0	1.7324	0.0090056	0.017982	0.03149	0.090512	0.0034481	0.00056924	0.0057414	0.0075584	0.0038113	0.0005582	0.0062751	0.0081985	-5.7504	-67.117	8.6602	22.929	8.8548	21.777	0.0016531	4.8138e+08	0.011559	0.25044	0.25044	15.866	0.0033888	0.0017457	0.0015412	0.0035786	0.0043812	0.0085056	0.073416	0.049873	0.0059001	0.0026055	0.014344	0.0039421	0.059071	0.045931	-0.0014059	624.33	313.46	937.79	0	0	0	5335.9	6273.7	46.618	0	0	0	472.96	426.34	1.3674	1.368	1.3733	
0.18464	2.3855	0.89858	0.89858	0.29417	18.732	18.047	18.033	10.052	1.2466	1.3205e+06	0	0	0	1.7007	0.0088142	0.017716	0.030938	0.089227	0.003472	0.00061626	0.0058242	0.0077272	0.0038191	0.00060004	0.0063287	0.0083109	-2.4976	-67.627	10.187	26.735	10.406	25.419	0.0016709	4.7625e+08	0.011596	0.25124	0.25124	15.648	0.0034428	0.0017758	0.0015676	0.0035532	0.0043501	0.010255	0.087404	0.059356	0.007112	0.0031428	0.016952	0.0047448	0.070453	0.054611	-0.0016832	804.23	441.61	1245.8	0	0	0	5392.2	6638	85.851	0	0	0	702.63	616.78	1.3671	1.3678	1.3732	
0.21542	2.3764	0.89798	0.89798	0.29024	18.497	17.798	17.784	11.56	1.2443	1.299e+06	0	0	0	1.6633	0.0086104	0.017439	0.030354	0.087937	0.0034993	0.00067028	0.0059192	0.0079219	0.0038283	0.00064815	0.0063906	0.0084459	0.83823	-68.608	11.907	30.962	12.189	29.562	0.0016929	4.7007e+08	0.01164	0.2522	0.2522	15.394	0.0035083	0.0018121	0.0015996	0.0035236	0.0043139	0.011975	0.10101	0.068569	0.0083235	0.0036517	0.019432	0.0055433	0.081576	0.063026	-0.0019173	1008.7	601.36	1610	0	0	0	5450.9	7060.9	146.15	0	0	0	989.79	843.64	1.3667	1.3677	1.3731	
0.24619	2.3662	0.89733	0.89733	0.28577	18.227	17.515	17.502	12.993	1.2415	1.2746e+06	0	0	0	1.6207	0.008398	0.01715	0.029747	0.086632	0.0035301	0.00073074	0.0060259	0.0081441	0.0038392	0.00070118	0.00646	0.0085938	4.1642	-69.989	13.772	35.484	14.168	34.113	0.0017194	4.6281e+08	0.01169	0.25329	0.25329	15.105	0.0035877	0.0018558	0.001638	0.0034902	0.0042729	0.013713	0.11413	0.077451	0.0095452	0.0041674	0.021782	0.0063423	0.092352	0.071109	-0.0020919	1235.6	794.72	2030.4	0	0	0	5508.5	7538.8	234.4	0	0	0	1341.8	1107.4	1.3664	1.3675	1.3729	
0.27696	2.3545	0.89648	0.89648	0.28077	17.924	17.2	17.187	14.343	1.2385	1.2474e+06	0	0	0	1.5726	0.008183	0.016858	0.029132	0.085331	0.0035642	0.0007979	0.0061442	0.0083974	0.0038519	0.00075832	0.0065362	0.0087595	7.4545	-71.211	15.732	40.171	16.302	38.968	0.001751	4.5448e+08	0.011748	0.25455	0.25455	14.783	0.0036815	0.0019071	0.0016831	0.0034533	0.0042278	0.015517	0.12672	0.085963	0.01079	0.0047265	0.024003	0.0071476	0.10272	0.078815	-0.0022456	1473.3	1022.4	2495.8	0	0	0	5561.5	8057.3	358.18	0	0	0	1766.7	1408.5	1.3659	1.3673	1.3728	
0.30774	2.3414	0.89543	0.89543	0.27528	17.589	16.856	16.842	15.604	1.2351	1.2176e+06	0	0	0	1.5193	0.0079693	0.016564	0.028518	0.084029	0.0036013	0.00087089	0.0062729	0.0086798	0.0038668	0.00081891	0.0066192	0.0089433	10.523	-72.866	17.734	44.889	18.539	44.004	0.001788	4.4507e+08	0.011814	0.25597	0.25597	14.43	0.003791	0.0019665	0.0017353	0.0034134	0.0041789	0.01726	0.13865	0.094045	0.012011	0.0052492	0.026026	0.0079398	0.11263	0.086105	-0.0019776	1728.1	1281.7	3009.8	0	0	0	5606.3	8616.1	525.77	0	0	0	2272.6	1746.9	1.3657	1.3674	1.3728	
0.33851	2.3272	0.89423	0.89423	0.26935	17.225	16.483	16.47	16.787	1.2315	1.1855e+06	0	0	0	1.4613	0.0078208	0.016365	0.028096	0.083144	0.0036302	0.00092998	0.0063753	0.0088953	0.0038763	0.00087072	0.0066852	0.0090922	11.596	-77.936	19.907	49.693	21.09	49.468	0.0018318	4.3443e+08	0.011886	0.25754	0.25754	14.049	0.0039186	0.002035	0.0017956	0.0033711	0.0041271	0.018976	0.14984	0.10163	0.013222	0.005754	0.027905	0.008673	0.12193	0.092955	-0.0020188	2017.1	1586	3603.1	0	0	0	5636.9	9240.1	747.51	0	0	0	2869.9	2122.4	1.3657	1.3676	1.3731	
0.36929	2.3116	0.89283	0.89283	0.26299	16.833	16.086	16.073	17.889	1.2275	1.1512e+06	0	0	0	1.3987	0.0077205	0.016231	0.027812	0.082536	0.0036506	0.00097411	0.00645	0.0090391	0.0038799	0.00091202	0.0067319	0.0092001	11.185	-85.063	22.137	54.413	23.756	54.989	0.0018828	4.2266e+08	0.011966	0.25927	0.25927	13.643	0.0040655	0.0021135	0.0018646	0.0033264	0.0040724	0.02073	0.16019	0.10869	0.014431	0.0062989	0.029629	0.0093432	0.13056	0.099343	-0.002391	2326.2	1928.6	4254.7	0	0	0	5650.8	9905.5	1035.2	0	0	0	3569.5	2534.2	1.3651	1.3673	1.3728	
0.40006	2.2948	0.89113	0.89113	0.25625	16.415	15.665	15.652	18.898	1.2233	1.115e+06	0	0	0	1.3318	0.0076326	0.016113	0.027562	0.081948	0.003669	0.0010146	0.0065181	0.009169	0.0038825	0.00095091	0.0067746	0.0093019	10.769	-91.117	24.231	58.81	26.229	60.085	0.001941	4.0999e+08	0.012054	0.26117	0.26117	13.213	0.0042329	0.0022023	0.0019427	0.003279	0.0040143	0.022483	0.16975	0.11522	0.015639	0.0068444	0.031158	0.0099631	0.13859	0.10526	-0.0030389	2623.3	2288.1	4911.4	0	0	0	5647.3	10559	1399	0	0	0	4380.3	2981.3	1.3641	1.3667	1.3722	
0.43083	2.2767	0.88918	0.88918	0.24916	15.973	15.224	15.211	19.786	1.2189	1.077e+06	0	0	0	1.2612	0.0075202	0.015937	0.027218	0.081118	0.0036879	0.0010548	0.0065866	0.0093023	0.0038859	0.00098989	0.0068187	0.0094069	10.545	-95.158	26.127	62.796	28.416	64.607	0.002007	3.965e+08	0.01215	0.26325	0.26325	12.763	0.0044236	0.0023027	0.0020309	0.0032288	0.0039529	0.024202	0.17833	0.12121	0.016792	0.0074107	0.03241	0.010536	0.14592	0.11067	-0.0031032	2879	2653.1	5532.1	0	0	0	5624.3	11156	1845.3	0	0	0	5307.3	3462	1.3626	1.3656	1.3711	
0.46161	2.2572	0.88683	0.88683	0.24178	15.51	14.764	14.753	20.552	1.2142	1.0375e+06	0	0	0	1.1872	0.0074006	0.015779	0.02688	0.080421	0.0037079	0.0010955	0.0066574	0.0094461	0.0038911	0.0010296	0.0068663	0.0095219	10.731	-96.515	27.79	66.312	30.255	68.455	0.0020815	3.8231e+08	0.012255	0.26552	0.26552	12.295	0.0046392	0.0024156	0.00213	0.0031763	0.0038886	0.025979	0.18597	0.12664	0.01798	0.0079983	0.033523	0.011062	0.15245	0.11557	-0.0040302	3068.3	3013	6081.4	0	0	0	5580.7	11662	2377	0	0	0	6351	3974.1	1.3608	1.3641	1.3697	
0.49238	2.2365	0.88413	0.88413	0.23413	15.027	14.289	14.279	21.158	1.2094	9.9675e+05	0	0	0	1.1105	0.0072671	0.015614	0.026514	0.079745	0.0037328	0.0011414	0.0067406	0.0096247	0.0039009	0.0010733	0.0069246	0.0096616	11.946	-93.866	29.186	69.298	31.694	71.557	0.0021652	3.6754e+08	0.012368	0.26798	0.26798	11.812	0.004883	0.0025424	0.0022412	0.0031215	0.0038216	0.027776	0.19256	0.13147	0.019188	0.0085888	0.034464	0.011544	0.15809	0.11993	-0.005678	3158.7	3354.2	6512.9	0	0	0	5515.7	12029	2991.7	0	0	0	7506.8	4515	1.3589	1.3626	1.3682	
0.52315	2.2145	0.88098	0.88098	0.22626	14.529	13.801	13.792	21.54	1.2043	9.5499e+05	0	0	0	1.0316	0.0071297	0.015477	0.026172	0.079281	0.0037688	0.0012046	0.0068578	0.0099016	0.0039184	0.0011274	0.007005	0.0098564	14.186	-87.178	30.295	71.721	32.694	73.862	0.0022588	3.523e+08	0.012491	0.27064	0.27064	11.317	0.0051573	0.0026845	0.0023657	0.0030645	0.0037519	0.029755	0.19804	0.13574	0.020524	0.0092317	0.035363	0.012005	0.16267	0.12374	-0.0097108	3117.8	3662.9	6780.6	0	0	0	5429.5	12210	3680.8	0	0	0	8762.6	5081.9	1.3569	1.3609	1.3665	
0.55393	2.191	0.87733	0.87733	0.21818	14.018	13.303	13.296	21.54	1.1992	9.1248e+05	0	0	0	0.95142	0.0070145	0.015452	0.025974	0.079501	0.003832	0.0013069	0.007055	0.010379	0.0039553	0.0012126	0.0071456	0.010207	18.321	-74.441	31.185	73.76	33.309	75.532	0.002363	3.3677e+08	0.012625	0.27354	0.27354	10.814	0.0054646	0.0028436	0.0025047	0.0030052	0.0036797	0.032145	0.20234	0.13942	0.022221	0.0099232	0.036516	0.012483	0.16582	0.12693	-0.020042	2876	3925.7	6801.6	0	0	0	5323.4	12125	4425.5	0	0	0	10097	5671.3	1.3547	1.359	1.3646	
0.5847	2.1661	0.87313	0.87313	0.20992	13.501	12.796	12.793	20.752	1.1938	8.6955e+05	0	0	0	0.87073	0.0069264	0.015691	0.026081	0.081295	0.0039841	0.0015541	0.0075303	0.011613	0.0040547	0.0013936	0.0074757	0.011069	27.238	-47.956	31.984	75.923	33.771	77.613	0.0024779	3.2114e+08	0.01277	0.27669	0.27669	10.305	0.0058052	0.0030207	0.002659	0.0029441	0.0036053	0.035579	0.20489	0.14248	0.024868	0.010711	0.038515	0.013225	0.16638	0.12926	-0.044337	2177.7	4126	6303.6	0	0	0	5199.9	11504	5182.7	0	0	0	11462	6279.7	1.3526	1.3572	1.3627	
0.61548	2.1394	0.86828	0.86828	0.20142	12.989	12.286	12.287	18.221	1.1883	8.267e+05	0	0	0	0.79059	0.0071594	0.016979	0.027718	0.089319	0.0044363	0.0022297	0.0088842	0.014825	0.0043691	0.0019073	0.0084609	0.013592	43.876	2.1992	32.651	77.683	34.003	79.093	0.0026022	3.0581e+08	0.012929	0.28014	0.28014	9.797	0.0061741	0.0032168	0.0028293	0.0028817	0.0035296	0.04161	0.20444	0.14437	0.030053	0.011557	0.0435	0.014854	0.16094	0.12952	-0.10101	569.67	4138.6	4708.3	0	0	0	5065.1	9773.4	5850.2	0	0	0	12754	6904	1.3504	1.3551	1.3607	
0.64625	2.1111	0.86273	0.86273	0.19281	12.508	11.784	11.792	11.724	1.1827	7.8534e+05	0	0	0	0.71324	0.0084934	0.02233	0.03507	0.12265	0.0067263	0.0051305	0.01522	0.027874	0.0063279	0.004582	0.014074	0.025731	78.444	123.34	35.274	83.619	35.394	83.241	0.0027288	2.9163e+08	0.013103	0.2839	0.2839	9.3069	0.0065472	0.003429	0.0030124	0.0028192	0.0034539	0.052853	0.19336	0.13187	0.041761	0.011092	0.056948	0.020535	0.13642	0.11134	-0.19456	-3352.2	3579.9	227.74	0	0	0	4934	5161.8	6158.6	0	0	0	13701	7542	1.3484	1.3529	1.3584	
0.67702	2.0873	0.85638	0.85638	0.18727	12.152	11.432	11.433	-2.4152	1.1794	7.5442e+05	0	0	0	0.65546	0.01194	0.038664	0.056574	0.23833	0.043553	0.06607	0.1314	0.32033	0.040603	0.058668	0.11957	0.28292	124.27	341.75	66.089	141.74	62.703	128.21	0.0028298	2.8121e+08	0.013252	0.28713	0.28713	8.9405	0.0068468	0.0035911	0.0031574	0.0027737	0.0033973	0.098229	0.22815	0.18694	0.087396	0.010833	0.1178	0.10408	0.11035	0.082864	0.34829	-11825	3035.1	-8789.6	0	0	0	4853.1	-3936.4	5573.2	0	0	0	13769	8195.7	1.3465	1.3502	1.3557	
0.7078	2.0608	0.84914	0.84914	0.18125	11.834	11.164	11.16	-2.9286	1.1759	7.2687e+05	0	0	0	0.60944	0.010538	0.033759	0.049566	0.20695	0.034631	0.050941	0.10289	0.24672	0.032231	0.045051	0.093398	0.2176	119.98	324.99	63.909	133.6	59.803	121.77	0.0029246	2.721e+08	0.013423	0.29083	0.29083	8.614	0.0071154	0.0037051	0.00326	0.0027381	0.0033528	0.089973	0.20917	0.14894	0.077699	0.012274	0.10097	0.072261	0.1082	0.076683	0.0039249	-11519	2659.3	-8859.9	0	0	0	4780.5	-4079.4	4341.7	0	0	0	13210	8867.8	1.3448	1.3475	1.3529	
0.73857	2.031	0.84099	0.84099	0.17453	11.495	10.862	10.855	-3.2888	1.1719	6.9705e+05	0	0	0	0.56013	0.0092796	0.029563	0.043482	0.18084	0.030146	0.043565	0.088784	0.21111	0.027982	0.038489	0.080462	0.1866	115.34	309	62.848	130.2	58.566	119.07	0.0030331	2.6237e+08	0.013619	0.29509	0.29509	8.2606	0.0074172	0.0038417	0.0033812	0.0026979	0.0033031	0.088099	0.20886	0.15168	0.074215	0.013884	0.093351	0.067133	0.1155	0.08455	0.00019323	-12020	2889.9	-9130.3	0	0	0	4684.5	-4445.8	3033	0	0	0	12589	9556	1.3433	1.345	1.3504	
0.76934	1.998	0.83174	0.83174	0.16728	11.134	10.537	10.528	-3.642	1.1674	6.6538e+05	0	0	0	0.50908	0.0080941	0.02568	0.037821	0.15691	0.0264	0.037717	0.077317	0.18335	0.024557	0.033211	0.070047	0.16145	110.35	292.83	61.421	126.57	57.168	116.02	0.0031574	2.5204e+08	0.013844	0.29996	0.29996	7.8853	0.0077575	0.0039973	0.0035186	0.0026543	0.0032494	0.085643	0.20801	0.15277	0.070047	0.015596	0.085139	0.061647	0.12287	0.091123	-0.00067885	-12440	3065.9	-9374.4	0	0	0	4565.6	-4808.8	1632.4	0	0	0	11888	10256	1.342	1.3429	1.3482	
0.80012	1.9617	0.82134	0.82134	0.15951	10.751	10.19	10.18	-4.0222	1.1626	6.32e+05	0	0	0	0.45703	0.0069343	0.021953	0.032355	0.13414	0.022986	0.032315	0.066794	0.15754	0.021399	0.028339	0.060438	0.13814	106.15	279.76	59.067	121.31	55.038	111.39	0.0033007	2.4109e+08	0.014101	0.30552	0.30552	7.4897	0.0081406	0.0041721	0.0036726	0.0026074	0.0031918	0.082314	0.20636	0.15302	0.064892	0.017422	0.076066	0.055457	0.1303	0.097567	-0.0007153	-12924	3182.6	-9741.3	0	0	0	4423.9	-5317.5	129.25	0	0	0	11091	10962	1.3409	1.341	1.3463	
0.83089	1.922	0.80974	0.80974	0.15126	10.346	9.8219	9.811	-4.4308	1.1574	5.9709e+05	0	0	0	0.40473	0.0058928	0.018617	0.027457	0.11378	0.019927	0.027481	0.057371	0.13437	0.018602	0.02403	0.051932	0.11753	101.25	265.58	56.308	115.43	52.605	106.22	0.0034662	2.2958e+08	0.014392	0.31183	0.31183	7.076	0.0085792	0.0043716	0.003848	0.0025571	0.0031301	0.078826	0.20431	0.15299	0.059397	0.01943	0.066926	0.049148	0.13738	0.10384	-0.000683	-13278	3262.5	-10015	0	0	0	4260.5	-5754.8	-1481.9	0	0	0	10188	11670	1.34	1.3393	1.3446	
0.86167	1.8786	0.79674	0.79674	0.14257	9.9206	9.4342	9.4229	-4.8667	1.1518	5.6086e+05	0	0	0	0.35299	0.0049771	0.015687	0.023153	0.095916	0.017265	0.023264	0.049162	0.11406	0.016173	0.020265	0.044525	0.099574	95.635	250.06	53.302	109.14	49.971	100.72	0.0036574	2.1758e+08	0.014724	0.31903	0.31903	6.6467	0.0090812	0.004599	0.0040477	0.0025035	0.0030643	0.075313	0.20173	0.15265	0.053714	0.021599	0.057969	0.042919	0.14376	0.10973	-0.0005932	-13446	3300.3	-10146	0	0	0	4077.3	-6068.4	-3184.6	0	0	0	9189.2	12374	1.3392	1.3378	1.3431	
0.89244	1.8317	0.78234	0.78234	0.13352	9.478	9.0293	9.0179	-5.3263	1.1458	5.2368e+05	0	0	0	0.30282	0.0041858	0.013153	0.019432	0.080464	0.014946	0.019627	0.042046	0.096667	0.014083	0.017066	0.03819	0.084309	88.797	232.01	50.148	102.66	47.148	95.034	0.0038783	2.0519e+08	0.015101	0.3272	0.3272	6.206	0.009657	0.0048586	0.0042755	0.0024466	0.0029945	0.071939	0.19864	0.15201	0.048032	0.023907	0.049457	0.037	0.14918	0.11501	-0.00056132	-13320	3293.6	-10026	0	0	0	3877	-6149.2	-4946.5	0	0	0	8121.8	13068	1.3384	1.3364	1.3416	
0.92321	1.7812	0.76639	0.76639	0.1242	9.0212	8.6104	8.5991	-5.8085	1.1395	4.8589e+05	0	0	0	0.25515	0.0035132	0.010995	0.016264	0.067288	0.012962	0.016515	0.035959	0.081791	0.012324	0.014385	0.032871	0.071527	81.306	211.76	46.947	96.151	44.165	89.239	0.0041333	1.9253e+08	0.01553	0.33648	0.33648	5.7582	0.010316	0.0051542	0.0045347	0.0023866	0.0029211	0.06893	0.19508	0.15109	0.042542	0.026388	0.04162	0.031526	0.15346	0.11957	-0.00058218	-12914	3245.6	-9668.1	0	0	0	3662.7	-6005.4	-6723.3	0	0	0	7025.2	13748	1.3375	1.335	1.3401	
0.95399	1.7271	0.74884	0.74884	0.11473	8.5542	8.1807	8.1697	-6.314	1.1329	4.4791e+05	0	0	0	0.21086	0.0029488	0.0091761	0.013599	0.056165	0.011281	0.013876	0.030797	0.069155	0.010859	0.01218	0.028468	0.060956	73.743	191.04	43.706	89.704	41.056	83.344	0.0044276	1.7973e+08	0.016016	0.34701	0.34701	5.3081	0.011071	0.0054908	0.0048299	0.0023238	0.0028441	0.066391	0.19109	0.14992	0.037384	0.029008	0.034596	0.026586	0.1565	0.12334	-0.00084212	-12310	3155.7	-9154.1	0	0	0	3438.1	-5716	-8475.5	0	0	0	5933.9	14409	1.3363	1.3334	1.3384	
0.98476	1.6697	0.72964	0.72964	0.10521	8.0806	7.7435	7.7328	-6.853	1.126	4.1014e+05	0	0	0	0.17068	0.00248	0.0076581	0.011378	0.046855	0.0098612	0.011648	0.02644	0.058437	0.0096432	0.010388	0.024853	0.052295	66.222	170.88	40.431	83.309	37.832	77.322	0.0047671	1.6693e+08	0.016567	0.35895	0.35895	4.8605	0.011935	0.0058744	0.005166	0.0022584	0.0027641	0.0645	0.18667	0.14846	0.032659	0.031842	0.028453	0.022213	0.15821	0.12625	-0.0015968	-11558	3024	-8533.9	0	0	0	3206.5	-5327.4	-10173	0	0	0	4874.3	15047	1.3349	1.3315	1.3365	
1.0155	1.6088	0.70864	0.70864	0.095774	7.605	7.3022	7.2922	-7.4553	1.1191	3.7293e+05	0	0	0	0.1351	0.0021318	0.006496	0.0096938	0.039615	0.0087811	0.0098918	0.023063	0.049755	0.0087717	0.0092296	0.022387	0.0464	58.802	150.47	37.284	77.524	34.734	72.048	0.0051584	1.5427e+08	0.017194	0.37253	0.37253	4.4196	0.012925	0.0063134	0.0055501	0.0021908	0.0026813	0.063758	0.18214	0.14691	0.028873	0.034885	0.023516	0.018669	0.15863	0.12824	-0.0025158	-10652	2871.5	-7780.1	0	0	0	2972.1	-4808	-11785	0	0	0	3872.9	15658	1.3331	1.3294	1.3343	
1.0463	1.5448	0.68589	0.68589	0.086519	7.131	6.8601	6.8516	-8.1568	1.112	3.3669e+05	0	0	0	0.10446	0.0018457	0.0055314	0.0082999	0.033573	0.0078951	0.0085624	0.020405	0.043037	0.0080047	0.0084003	0.020407	0.042196	51.824	131.53	33.971	71.636	31.438	66.492	0.0056098	1.4185e+08	0.017906	0.38796	0.38796	3.99	0.014054	0.0068132	0.0059861	0.0021211	0.0025962	0.063724	0.1773	0.14509	0.02555	0.038174	0.019342	0.015762	0.15795	0.12933	-0.0019983	-9709.5	2669.9	-7039.6	0	0	0	2738	-4301.5	-13291	0	0	0	2947	16238	1.3307	1.3268	1.3316	
1.0771	1.4776	0.66129	0.66129	0.077516	6.6615	6.4203	6.4138	-8.9376	1.1049	3.0166e+05	0	0	0	0.07875	0.0016056	0.004721	0.0071294	0.028495	0.0071428	0.0076224	0.018337	0.038251	0.0072377	0.0077469	0.018603	0.039137	45.41	114.37	30.51	65.501	28.025	60.544	0.0061322	1.2977e+08	0.01872	0.40561	0.40561	3.5749	0.015339	0.0073803	0.0064798	0.0020498	0.0025092	0.064406	0.17235	0.14315	0.022622	0.041784	0.015833	0.013439	0.15651	0.12972	0.00021942	-8780.4	2428.6	-6351.7	0	0	0	2506.9	-3844.9	-14690	0	0	0	2095.9	16786	1.3279	1.3237	1.3285	
1.1079	1.4075	0.63489	0.63489	0.068833	6.1985	5.9853	5.9806	-9.7107	1.0978	2.681e+05	0	0	0	0.05776	0.0014057	0.0040513	0.0061599	0.024311	0.0064771	0.006965	0.016681	0.035038	0.0064842	0.0071459	0.016872	0.036696	39.278	98.034	27.1	59.326	24.685	54.442	0.0067399	1.1807e+08	0.019654	0.42583	0.42583	3.1771	0.016805	0.0080241	0.0070399	0.001977	0.0024203	0.065827	0.16737	0.14111	0.02008	0.045747	0.012935	0.011582	0.15443	0.12952	0.0030591	-7805.2	2173.1	-5632.1	0	0	0	2280.7	-3351.5	-15976	0	0	0	1323.7	17300	1.3245	1.3202	1.3248	
1.1386	1.3344	0.60664	0.60664	0.060536	5.7438	5.5568	5.5536	-10.365	1.0907	2.3617e+05	0	0	0	0.0411	0.0012411	0.0035084	0.0053701	0.020945	0.0058633	0.0064369	0.015232	0.032673	0.005783	0.0065208	0.015195	0.034325	33.562	83.298	23.945	53.389	21.618	48.493	0.0074507	1.068e+08	0.02073	0.44915	0.44915	2.7988	0.018481	0.0087562	0.007677	0.0019028	0.0023297	0.067978	0.16247	0.13899	0.017903	0.050075	0.010577	0.010018	0.15189	0.12898	0.0050006	-6834.9	1930.9	-4904.1	0	0	0	2061.2	-2842.9	-17137	0	0	0	641.68	17778	1.3205	1.3161	1.3207	
1.1694	1.2588	0.57669	0.57669	0.052698	5.2984	5.1355	5.1331	-10.824	1.0837	2.0607e+05	0	0	0	0.028276	0.0011061	0.0030726	0.0047318	0.018268	0.0053087	0.0059348	0.013898	0.03054	0.0051625	0.0058707	0.013615	0.031752	28.267	69.983	21.126	47.839	18.911	42.937	0.0082886	9.6008e+07	0.021975	0.47612	0.47612	2.4421	0.02041	0.0095962	0.0084087	0.0018271	0.0022372	0.070865	0.15771	0.13682	0.016051	0.054814	0.0086695	0.0086273	0.14904	0.12819	0.0057432	-5880	1716.5	-4163.4	0	0	0	1849.7	-2313.7	-18160	0	0	0	59.615	18220	1.3159	1.3115	1.3159	
1.2002	1.1808	0.54504	0.54504	0.045376	4.8628	4.7218	4.7198	-11.058	1.0769	1.7788e+05	0	0	0	0.01872	0.00099435	0.0027207	0.0042122	0.016133	0.0048101	0.0054218	0.012637	0.028325	0.0046318	0.0052298	0.012178	0.028981	23.41	58.05	18.643	42.74	16.588	37.935	0.0092856	8.57e+07	0.023425	0.50755	0.50755	2.108	0.022646	0.010568	0.0092563	0.0017497	0.0021425	0.074509	0.15316	0.13465	0.014464	0.060045	0.0071197	0.0073676	0.14604	0.12729	0.0061152	-4962.2	1534.7	-3427.5	0	0	0	1647.2	-1780.3	-19038	0	0	0	-413.73	18625	1.3108	1.3063	1.3107	
1.231	1.101	0.5119	0.5119	0.03861	4.4371	4.3154	4.3137	-11.052	1.0701	1.5171e+05	0	0	0	0.01186	0.00089813	0.0024285	0.0037757	0.014397	0.0043311	0.0047987	0.011295	0.025463	0.0041708	0.0045538	0.01081	0.025667	18.742	46.601	16.451	37.982	14.637	33.489	0.010487	7.5883e+07	0.025124	0.54434	0.54434	1.7979	0.025269	0.011709	0.010252	0.0016706	0.0020456	0.078833	0.14883	0.13245	0.013057	0.065776	0.0058403	0.0061263	0.14299	0.12632	0.0035733	-4039.5	1381.3	-2658.2	0	0	0	1454.2	-1204	-19759	0	0	0	-766.74	18992	1.3052	1.3008	1.305	
1.2617	1.0197	0.47743	0.47743	0.03242	4.0212	3.9159	3.9144	-10.905	1.0636	1.2762e+05	0	0	0	0.0071354	0.00081188	0.0021729	0.0033907	0.012903	0.0038705	0.0041312	0.009937	0.022302	0.0037503	0.003884	0.0095095	0.022198	14.493	36.192	14.407	33.465	12.877	29.412	0.011956	6.656e+07	0.027127	0.58776	0.58776	1.5125	0.028393	0.013074	0.011442	0.0015894	0.0019462	0.083892	0.14474	0.13028	0.011772	0.07212	0.0047619	0.0049684	0.13998	0.12532	-0.001069	-3178.6	1240.8	-1937.8	0	0	0	1271	-666.71	-20315	0	0	0	-992.92	19322	1.2995	1.2951	1.2993	
1.2925	0.93739	0.44189	0.44189	0.026802	3.6146	3.5232	3.5218	-10.8	1.0572	1.0568e+05	0	0	0	0.0040374	0.0007306	0.001932	0.0030279	0.011498	0.0034025	0.0034295	0.0085332	0.018973	0.003326	0.0031897	0.0081787	0.018592	10.83	27.177	12.345	28.914	11.109	25.348	0.013783	5.7734e+07	0.029509	0.63936	0.63936	1.2524	0.03219	0.014739	0.012896	0.0015059	0.001844	0.089667	0.14087	0.12813	0.010562	0.079105	0.0038324	0.0038758	0.13704	0.12426	-0.010671	-2425.5	1088.9	-1336.6	0	0	0	1098.2	-238.45	-20721	0	0	0	-1104.6	19616	1.2938	1.2895	1.2935	
1.3233	0.8547	0.40561	0.40561	0.021741	3.2167	3.1369	3.1355	-11.112	1.0509	85904	0	0	0	0.0021198	0.00064646	0.0016727	0.0026424	0.0099539	0.0028756	0.0026146	0.006928	0.015136	0.0028459	0.0023745	0.0066434	0.014415	7.8203	19.694	10.08	23.839	9.1306	20.769	0.016106	4.941e+07	0.032364	0.70122	0.70122	1.018	0.036926	0.016829	0.01472	0.0014194	0.0017381	0.096107	0.13725	0.12602	0.0093409	0.086766	0.0029968	0.0027603	0.13425	0.12326	-0.031421	-1800.9	891.47	-909.42	0	0	0	935.79	26.37	-21005	0	0	0	-1131.1	19874	1.288	1.2839	1.2878	
1.354	0.77238	0.36898	0.36898	0.017211	2.8266	2.7559	2.7546	-12.656	1.0446	68316	0	0	0	0.001013	0.0005528	0.0013733	0.0022025	0.008113	0.0022789	0.0016149	0.0050332	0.010323	0.0023192	0.001437	0.0049158	0.009517	5.5394	14.091	7.5011	17.724	6.8578	15.27	0.019135	4.1587e+07	0.035813	0.77595	0.77595	0.80959	0.043049	0.019552	0.017098	0.0013292	0.0016275	0.10313	0.13388	0.12391	0.0080929	0.095033	0.0022406	0.0016051	0.13163	0.1223	-0.067511	-1328.1	615.67	-712.47	0	0	0	784.07	71.602	-21215	0	0	0	-1118.4	20096	1.2824	1.2784	1.2822	
1.3848	0.69138	0.3325	0.3325	0.013193	2.4433	2.3799	2.3787	-16.847	1.0382	52917	0	0	0	0.00042894	0.00044351	0.0010282	0.0016935	0.0059816	0.0017793	0.00073501	0.0034039	0.0057463	0.0018952	0.00072887	0.0035716	0.0057104	3.9172	9.9107	5.0016	11.311	4.7576	10.209	0.02322	3.4271e+07	0.040009	0.86686	0.86686	0.62711	0.051347	0.023275	0.020347	0.001234	0.001511	0.11052	0.13074	0.12188	0.0068186	0.1037	0.0015751	0.00073098	0.12916	0.12115	-0.10076	-995.79	302.49	-693.3	0	0	0	643.15	-50.153	-21401	0	0	0	-1115.7	20285	1.2771	1.2731	1.2769	
1.4156	0.61285	0.29675	0.29675	0.0096721	2.0657	2.0093	2.0085	-24.99	1.0316	39697	0	0	0	0.00015479	0.00032274	0.0006707	0.0011548	0.0038221	0.0015078	0.00034653	0.0026082	0.0036862	0.0016599	0.00043881	0.0029286	0.004173	2.9558	7.0885	3.2763	7.5332	3.2542	7.5139	0.028975	2.7464e+07	0.045136	0.97794	0.97794	0.47044	0.063332	0.02867	0.025049	0.0011329	0.0013873	0.11784	0.12783	0.12002	0.005475	0.11236	0.0010147	0.00034202	0.12681	0.11968	-0.11061	-836.96	79.242	-757.72	0	0	0	513.01	-244.72	-21597	0	0	0	-1155.8	20441	1.272	1.2681	1.2718	
1.4464	0.53816	0.26245	0.26245	0.0066349	1.6929	1.6444	1.6441	-37.476	1.0247	28599	0	0	0	4.4618e-05	0.0002173	0.00039948	0.00072542	0.0022423	0.0013598	0.00021295	0.0022526	0.0029893	0.0015143	0.0002981	0.0025695	0.0035377	2.1936	4.5949	2.0722	5.132	2.1605	5.1241	0.037554	2.119e+07	0.0514	1.1137	1.1137	0.33892	0.082197	0.037149	0.032434	0.0010241	0.0012542	0.12454	0.12518	0.11826	0.0042802	0.12026	0.0006216	0.00017341	0.12456	0.11808	-0.1081	-735.19	-81.03	-816.22	0	0	0	393.99	-422.22	-21814	0	0	0	-1248.1	20566	1.2672	1.2634	1.267	
1.4771	0.46885	0.23038	0.23038	0.0040437	1.3237	1.2844	1.2846	-54.208	1.0172	19509	0	0	0	9.1024e-06	0.00013556	0.00020701	0.00041034	0.0011907	0.0012846	7.6167e-05	0.002003	0.0024035	0.0015585	0.00014477	0.0024826	0.0028589	1.4438	2.4828	1.4146	3.4656	2.4725	5.2574	0.05141	1.5479e+07	0.058999	1.2783	1.2783	0.2312	0.11588	0.05224	0.045565	0.00090451	0.0011079	0.12904	0.12275	0.11666	0.0030717	0.12596	0.00034345	2.9743e-05	0.12241	0.11663	-0.11937	-586.35	-327.91	-914.26	0	0	0	286.48	-627.78	-22058	0	0	0	-1396.2	20662	1.2628	1.2592	1.2626	
1.5079	0.40676	0.20153	0.20153	0.0018493	0.95703	0.92807	0.92824	-75.628	1.0091	12258	0	0	0	1.0079e-06	8.3863e-05	9.0268e-05	0.00021606	0.00058667	0.001407	0.0001097	0.0022201	0.0022584	0.0017969	0.00052074	0.003216	0.0039018	0.86148	1.3999	1.928	4.7694	3.3942	9.5756	0.076621	1.0386e+07	0.068005	1.4734	1.4734	0.14527	0.18932	0.085003	0.074097	0.00076842	0.00094121	0.12882	0.12053	0.1152	0.0019176	0.1269	0.00016572	-0.00025873	0.12037	0.11545	-0.18346	-372.19	-807.27	-1179.5	0	0	0	191.37	-988.09	-22359	0	0	0	-1628.8	20730	1.2589	1.2553	1.2587	
1.5387	0.354	0.177	0.177	1.4014e-06	0.59193	0.57383	0.57395	-104.24	1	6612.2	0	0	0	2.887e-08	5.6515e-05	1.6109e-05	0.00010088	0.00022096	0.0014017	0.00037707	0.0024796	0.0035039	0.0015588	0.00055677	0.0028949	0.004665	0.37647	0.72825	0.65441	3.576	-0.32072	2.5857	0.1328	5.9923e+06	0.07814	1.693	1.693	0.07836	0.4195	0.18736	0.16323	0.00060394	0.00073975	0.12251	0.11661	0.11278	0.00039578	0.12211	4.6144e-05	-2.9872e-05	0.11656	0.11281	-9.6482e-05	-759.55	741.91	-17.636	0	0	0	191.37	173.74	-22533	0	0	0	-1746.5	20786	1.2554	1.2519	1.2551	
