% N=  51
%           r   D11e,m^2/s         D12e         D21e         D22e         D31e         D32e         D11D         D12D         D21D         D22D         D31D         D32D         D11T         D12T         D21T         D22T         D31T         D32T        D11He        D12He        D21He        D22He        D31He        D32He
   0.0000E+00   9.4921E-03   1.8656E-02   3.2895E-02   9.4336E-02  -1.5537E+01  -6.8301E+01   3.3885E-03   4.5895E-04   5.5418E-03   7.2031E-03   5.0098E+00   1.3494E+01   3.7894E-03   4.5990E-04   6.1440E-03   7.9745E-03   5.2848E+00   1.3132E+01   3.1832E-03   1.7417E-04   4.9490E-03   5.4765E-03   7.5143E-01   1.9496E+00
   3.0774E-02   9.4707E-03   1.8620E-02   3.2826E-02   9.4103E-02  -1.5165E+01  -6.8173E+01   3.3903E-03   4.5840E-04   5.5439E-03   7.1495E-03   5.1250E+00   1.3807E+01   3.7907E-03   4.5881E-04   6.1449E-03   7.9172E-03   5.3928E+00   1.3397E+01   3.1835E-03   1.7571E-04   4.9510E-03   5.4832E-03   7.6718E-01   1.9986E+00
   6.1548E-02   9.3987E-03   1.8512E-02   3.2610E-02   9.3436E-02  -1.3704E+01  -6.7667E+01   3.3982E-03   4.7338E-04   5.5706E-03   7.2128E-03   5.5735E+00   1.5006E+01   3.7940E-03   4.7282E-04   6.1638E-03   7.9732E-03   5.8186E+00   1.4460E+01   3.1840E-03   1.8312E-04   4.9591E-03   5.5114E-03   8.2936E-01   2.1939E+00
   9.2321E-02   9.2886E-03   1.8353E-02   3.2286E-02   9.2502E-02  -1.1456E+01  -6.7207E+01   3.4105E-03   4.9704E-04   5.6128E-03   7.3058E-03   6.3186E+00   1.6959E+01   3.7986E-03   4.9412E-04   6.1920E-03   8.0408E-03   6.5379E+00   1.6223E+01   3.1844E-03   1.9510E-04   4.9717E-03   5.5566E-03   9.3758E-01   2.5225E+00
   1.2310E-01   9.1588E-03   1.8189E-02   3.1927E-02   9.1566E-02  -8.7556E+00  -6.6897E+01   3.4271E-03   5.2840E-04   5.6691E-03   7.4122E-03   7.3480E+00   1.9608E+01   3.8042E-03   5.2193E-04   6.2283E-03   8.1051E-03   7.5474E+00   1.8661E+01   3.1848E-03   2.1165E-04   4.9888E-03   5.6184E-03   1.0927E+00   2.9819E+00
   1.5387E-01   8.9880E-03   1.7949E-02   3.1431E-02   9.0343E-02  -5.7054E+00  -6.6945E+01   3.4475E-03   5.6775E-04   5.7390E-03   7.5499E-03   8.6399E+00   2.2879E+01   3.8109E-03   5.5676E-04   6.2731E-03   8.1903E-03   8.8359E+00   2.1725E+01   3.1849E-03   2.3211E-04   5.0095E-03   5.6944E-03   1.2940E+00   3.5643E+00
   1.8464E-01   8.7972E-03   1.7684E-02   3.0880E-02   8.9066E-02  -2.4509E+00  -6.7438E+01   3.4713E-03   6.1472E-04   5.8216E-03   7.7182E-03   1.0163E+01   2.6676E+01   3.8187E-03   5.9861E-04   6.3266E-03   8.3028E-03   1.0384E+01   2.5358E+01   3.1847E-03   2.5622E-04   5.0333E-03   5.7838E-03   1.5385E+00   4.2570E+00
   2.1542E-01   8.5935E-03   1.7407E-02   3.0297E-02   8.7779E-02   8.8707E-01  -6.8398E+01   3.4985E-03   6.6871E-04   5.9165E-03   7.9129E-03   1.1879E+01   3.0893E+01   3.8277E-03   6.4667E-04   6.3883E-03   8.4372E-03   1.2163E+01   2.9492E+01   3.1845E-03   2.8369E-04   5.0604E-03   5.8859E-03   1.8218E+00   5.0434E+00
   2.4619E-01   8.3814E-03   1.7119E-02   2.9691E-02   8.6477E-02   4.2169E+00  -6.9752E+01   3.5293E-03   7.2913E-04   6.0230E-03   8.1350E-03   1.3739E+01   3.5403E+01   3.8386E-03   6.9968E-04   6.4575E-03   8.5852E-03   1.4136E+01   3.4032E+01   3.1846E-03   3.1408E-04   5.0909E-03   5.9997E-03   2.1376E+00   5.9018E+00
   2.7696E-01   8.1667E-03   1.6827E-02   2.9077E-02   8.5180E-02   7.5123E+00  -7.0943E+01   3.5633E-03   7.9642E-04   6.1414E-03   8.3891E-03   1.5694E+01   4.0078E+01   3.8512E-03   7.5680E-04   6.5336E-03   8.7509E-03   1.6264E+01   3.8876E+01   3.1850E-03   3.4675E-04   5.1242E-03   6.1230E-03   2.4794E+00   6.8093E+00
   3.0774E-01   7.9532E-03   1.6533E-02   2.8463E-02   8.3880E-02   1.0589E+01  -7.2558E+01   3.6004E-03   8.6943E-04   6.2701E-03   8.6720E-03   1.7690E+01   4.4784E+01   3.8661E-03   8.1753E-04   6.6167E-03   8.9356E-03   1.8495E+01   4.3901E+01   3.1860E-03   3.8094E-04   5.1600E-03   6.2535E-03   2.8396E+00   7.7414E+00
   3.3851E-01   7.8047E-03   1.6335E-02   2.8042E-02   8.2997E-02   1.1674E+01  -7.7577E+01   3.6293E-03   9.2855E-04   6.3725E-03   8.8878E-03   1.9856E+01   4.9575E+01   3.8755E-03   8.6939E-04   6.6826E-03   9.0851E-03   2.1039E+01   4.9351E+01   3.1851E-03   4.0903E-04   5.1867E-03   6.3590E-03   3.2816E+00   8.7843E+00
   3.6929E-01   7.7044E-03   1.6201E-02   2.7758E-02   8.2385E-02   1.1281E+01  -8.4644E+01   3.6497E-03   9.7275E-04   6.4473E-03   9.0321E-03   2.2080E+01   5.4281E+01   3.8791E-03   9.1073E-04   6.7293E-03   9.1933E-03   2.3697E+01   5.4859E+01   3.1823E-03   4.3120E-04   5.2047E-03   6.4389E-03   3.7707E+00   9.8767E+00
   4.0006E-01   7.6166E-03   1.6083E-02   2.7508E-02   8.1800E-02   1.0881E+01  -9.0634E+01   3.6681E-03   1.0133E-03   6.5155E-03   9.1623E-03   2.4167E+01   5.8665E+01   3.8816E-03   9.4963E-04   6.7720E-03   9.2953E-03   2.6163E+01   5.9940E+01   3.1793E-03   4.5176E-04   5.2208E-03   6.5119E-03   4.2373E+00   1.0905E+01
   4.3083E-01   7.5036E-03   1.5907E-02   2.7162E-02   8.0969E-02   1.0656E+01  -9.4624E+01   3.6870E-03   1.0535E-03   6.5841E-03   9.2960E-03   2.6056E+01   6.2637E+01   3.8850E-03   9.8862E-04   6.8161E-03   9.4005E-03   2.8342E+01   6.4447E+01   3.1766E-03   4.7321E-04   5.2382E-03   6.5852E-03   4.6611E+00   1.1834E+01
   4.6161E-01   7.3840E-03   1.5749E-02   2.6825E-02   8.0274E-02   1.0857E+01  -9.5916E+01   3.7071E-03   1.0942E-03   6.6549E-03   9.4402E-03   2.7712E+01   6.6139E+01   3.8903E-03   1.0283E-03   6.8638E-03   9.5157E-03   3.0172E+01   6.8281E+01   3.1748E-03   4.9537E-04   5.2576E-03   6.6599E-03   5.0310E+00   1.2641E+01
   4.9238E-01   7.2504E-03   1.5584E-02   2.6459E-02   7.9600E-02   1.2083E+01  -9.3214E+01   3.7321E-03   1.1402E-03   6.7383E-03   9.6192E-03   2.9102E+01   6.9112E+01   3.9000E-03   1.0721E-03   6.9221E-03   9.6557E-03   3.1604E+01   7.1368E+01   3.1753E-03   5.2059E-04   5.2835E-03   6.7461E-03   5.3367E+00   1.3306E+01
   5.2315E-01   7.1129E-03   1.5447E-02   2.6117E-02   7.9137E-02   1.4333E+01  -8.6475E+01   3.7682E-03   1.2037E-03   6.8561E-03   9.8979E-03   3.0204E+01   7.1523E+01   3.9177E-03   1.1264E-03   7.0029E-03   9.8518E-03   3.2597E+01   7.3659E+01   3.1799E-03   5.5237E-04   5.3221E-03   6.8598E-03   5.5726E+00   1.3823E+01
   5.5393E-01   6.9977E-03   1.5422E-02   2.5919E-02   7.9357E-02   1.8476E+01  -7.3674E+01   3.8316E-03   1.3062E-03   7.0537E-03   1.0376E-02   3.1089E+01   7.3550E+01   3.9547E-03   1.2117E-03   7.1438E-03   1.0203E-02   3.3205E+01   7.5317E+01   3.1940E-03   6.0119E-04   5.3923E-03   7.0455E-03   5.7566E+00   1.4230E+01
   5.8470E-01   6.9096E-03   1.5661E-02   2.6025E-02   8.1151E-02   2.7382E+01  -4.7171E+01   3.9840E-03   1.5538E-03   7.5298E-03   1.1611E-02   3.1882E+01   7.5698E+01   4.0544E-03   1.3930E-03   7.4745E-03   1.1067E-02   3.3662E+01   7.7383E+01   3.2380E-03   6.9899E-04   5.5561E-03   7.4585E-03   5.8742E+00   1.4558E+01
   6.1548E-01   7.1407E-03   1.6944E-02   2.7655E-02   8.9157E-02   4.3973E+01   2.9436E+00   4.4370E-03   2.2304E-03   8.8859E-03   1.4827E-02   3.2545E+01   7.7444E+01   4.3694E-03   1.9076E-03   8.4618E-03   1.3593E-02   3.3890E+01   7.8849E+01   3.3824E-03   9.6873E-04   6.0424E-03   8.7061E-03   6.0317E+00   1.4793E+01
   6.4625E-01   8.4676E-03   2.2276E-02   3.4978E-02   1.2239E-01   7.8392E+01   1.2378E+02   6.7300E-03   5.1357E-03   1.5231E-02   2.7897E-02   3.5165E+01   8.3363E+01   6.3317E-03   4.5864E-03   1.4084E-02   2.5749E-02   3.5281E+01   8.2990E+01   4.1998E-03   2.3811E-03   8.6808E-03   1.5304E-02   6.7714E+00   1.5874E+01
   6.7702E-01   1.1880E-02   3.8469E-02   5.6289E-02   2.3714E-01   1.2376E+02   3.4042E+02   4.3402E-02   6.5837E-02   1.3094E-01   3.1923E-01   6.5855E+01   1.4127E+02   4.0465E-02   5.8466E-02   1.1916E-01   2.8197E-01   6.2479E+01   1.2778E+02   1.4751E-02   2.2637E-02   4.4763E-02   1.1709E-01   1.2037E+01   3.4824E+01
   7.0780E-01   1.0481E-02   3.3573E-02   4.9295E-02   2.0581E-01   1.1947E+02   3.2365E+02   3.4459E-02   5.0669E-02   1.0236E-01   2.4543E-01   6.3638E+01   1.3305E+02   3.2078E-02   4.4850E-02   9.2967E-02   2.1684E-01   5.9544E+01   1.2129E+02   1.2259E-02   1.7841E-02   3.6229E-02   9.2767E-02   1.2574E+01   3.4030E+01
   7.3857E-01   9.2266E-03   2.9392E-02   4.3232E-02   1.7980E-01   1.1480E+02   3.0762E+02   2.9995E-02   4.3328E-02   8.8321E-02   2.0998E-01   6.2568E+01   1.2966E+02   2.7844E-02   3.8280E-02   8.0046E-02   1.8561E-01   5.8302E+01   1.1858E+02   1.0899E-02   1.5374E-02   3.1722E-02   8.0333E-02   1.2690E+01   3.3512E+01
   7.6934E-01   8.0452E-03   2.5522E-02   3.7590E-02   1.5595E-01   1.0981E+02   2.9146E+02   2.6274E-02   3.7508E-02   7.6919E-02   1.8233E-01   6.1128E+01   1.2601E+02   2.4430E-02   3.3019E-02   6.9664E-02   1.6054E-01   5.6898E+01   1.1551E+02   9.7500E-03   1.3323E-02   2.7948E-02   7.0101E-02   1.2592E+01   3.2711E+01
   8.0012E-01   6.8900E-03   2.1811E-02   3.2146E-02   1.3327E-01   1.0560E+02   2.7841E+02   2.2865E-02   3.2125E-02   6.6422E-02   1.5664E-01   5.8772E+01   1.2075E+02   2.1289E-02   2.8173E-02   6.0107E-02   1.3735E-01   5.4768E+01   1.1088E+02   8.6828E-03   1.1422E-02   2.4446E-02   6.0605E-02   1.2255E+01   3.1390E+01
   8.3089E-01   5.8532E-03   1.8491E-02   2.7271E-02   1.1302E-01   1.0070E+02   2.6424E+02   1.9829E-02   2.7330E-02   5.7073E-02   1.3366E-01   5.6025E+01   1.1490E+02   1.8514E-02   2.3899E-02   5.1670E-02   1.1692E-01   5.2347E+01   1.0573E+02   7.7470E-03   9.7535E-03   2.1374E-02   5.2253E-02   1.1802E+01   2.9836E+01
   8.6167E-01   4.9415E-03   1.5574E-02   2.2986E-02   9.5230E-02   9.5081E+01   2.4874E+02   1.7177E-02   2.3130E-02   4.8895E-02   1.1343E-01   5.3018E+01   1.0861E+02   1.6094E-02   2.0147E-02   4.4289E-02   9.9019E-02   4.9712E+01   1.0023E+02   6.9241E-03   8.2954E-03   1.8682E-02   4.4951E-02   1.1268E+01   2.8135E+01
   8.9244E-01   4.1540E-03   1.3052E-02   1.9283E-02   7.9853E-02   8.8271E+01   2.3076E+02   1.4867E-02   1.9506E-02   4.1807E-02   9.6100E-02   4.9866E+01   1.0212E+02   1.4013E-02   1.6962E-02   3.7982E-02   8.3826E-02   4.6889E+01   9.4546E+01   6.2075E-03   7.0196E-03   1.6331E-02   3.8556E-02   1.0678E+01   2.6383E+01
   9.2321E-01   3.4850E-03   1.0905E-02   1.6132E-02   6.6746E-02   8.0814E+01   2.1058E+02   1.2893E-02   1.6409E-02   3.5749E-02   8.1294E-02   4.6670E+01   9.5625E+01   1.2262E-02   1.4296E-02   3.2689E-02   7.1109E-02   4.3905E+01   8.8752E+01   5.5936E-03   5.9322E-03   1.4323E-02   3.3079E-02   1.0034E+01   2.4640E+01
   9.5399E-01   2.9238E-03   9.0970E-03   1.3483E-02   5.5688E-02   7.3224E+01   1.8981E+02   1.1222E-02   1.3789E-02   3.0623E-02   6.8748E-02   4.3438E+01   8.9195E+01   1.0809E-02   1.2107E-02   2.8320E-02   6.0619E-02   4.0804E+01   8.2867E+01   5.0740E-03   5.0218E-03   1.2633E-02   2.8455E-02   9.3512E+00   2.2894E+01
   9.8476E-01   2.4583E-03   7.5896E-03   1.1277E-02   4.6444E-02   6.5731E+01   1.6974E+02   9.8200E-03   1.1590E-02   2.6320E-02   5.8164E-02   4.0185E+01   8.2843E+01   9.6068E-03   1.0341E-02   2.4751E-02   5.2073E-02   3.7601E+01   7.6878E+01   4.6295E-03   4.2692E-03   1.1213E-02   2.4590E-02   8.6276E+00   2.1130E+01
   1.0155E+00   2.1127E-03   6.4369E-03   9.6059E-03   3.9264E-02   5.8352E+01   1.4945E+02   8.7546E-03   9.8603E-03   2.2992E-02   4.9615E-02   3.7066E+01   7.7108E+01   8.7474E-03   9.2028E-03   2.2324E-02   4.6281E-02   3.4531E+01   7.1646E+01   4.2780E-03   3.7359E-03   1.0153E-02   2.1759E-02   7.8662E+00   1.9397E+01
   1.0463E+00   1.8282E-03   5.4778E-03   8.2202E-03   3.3257E-02   5.1412E+01   1.3059E+02   7.8673E-03   8.5285E-03   2.0329E-02   4.2885E-02   3.3748E+01   7.1202E+01   7.9778E-03   8.3688E-03   2.0336E-02   4.2058E-02   3.1230E+01   6.6072E+01   3.9461E-03   3.2968E-03   9.2161E-03   1.9480E-02   7.0335E+00   1.7518E+01
   1.0771E+00   1.5885E-03   4.6673E-03   7.0500E-03   2.8173E-02   4.5039E+01   1.1346E+02   7.0964E-03   7.5637E-03   1.8208E-02   3.7984E-02   3.0221E+01   6.4940E+01   7.1882E-03   7.6853E-03   1.8468E-02   3.8874E-02   2.7752E+01   6.0000E+01   3.6138E-03   2.8885E-03   8.3092E-03   1.7489E-02   6.1579E+00   1.5513E+01
   1.1079E+00   1.3882E-03   3.9949E-03   6.0772E-03   2.3968E-02   3.8932E+01   9.7149E+01   6.4046E-03   6.8800E-03   1.6487E-02   3.4676E-02   2.6721E+01   5.8589E+01   6.4033E-03   7.0415E-03   1.6646E-02   3.6277E-02   2.4324E+01   5.3719E+01   3.2923E-03   2.4898E-03   7.4282E-03   1.5622E-02   5.3076E+00   1.3543E+01
   1.1386E+00   1.2239E-03   3.4524E-03   5.2882E-03   2.0603E-02   3.3260E+01   8.2494E+01   5.7760E-03   6.3354E-03   1.4999E-02   3.2275E-02   2.3521E+01   5.2551E+01   5.6844E-03   6.3809E-03   1.4907E-02   3.3777E-02   2.1213E+01   4.7652E+01   3.0016E-03   2.1139E-03   6.6163E-03   1.3851E-02   4.5518E+00   1.1780E+01
   1.1694E+00   1.0898E-03   3.0201E-03   4.6548E-03   1.7949E-02   2.8010E+01   6.9320E+01   5.2189E-03   5.8254E-03   1.3654E-02   3.0131E-02   2.0707E+01   4.6989E+01   5.0635E-03   5.7126E-03   1.3308E-02   3.1116E-02   1.8510E+01   4.2072E+01   2.7509E-03   1.7847E-03   5.9110E-03   1.2241E-02   3.9039E+00   1.0283E+01
   1.2002E+00   9.7909E-04   2.6719E-03   4.1405E-03   1.5837E-02   2.3192E+01   5.7495E+01   4.7216E-03   5.3071E-03   1.2389E-02   2.7902E-02   1.8238E+01   4.1896E+01   4.5377E-03   5.0658E-03   1.1872E-02   2.8303E-02   1.6204E+01   3.7075E+01   2.5373E-03   1.5108E-03   5.3168E-03   1.0829E-02   3.3458E+00   9.0151E+00
   1.2310E+00   8.8495E-04   2.3877E-03   3.7151E-03   1.4154E-02   1.8553E+01   4.6151E+01   4.2687E-03   4.7116E-03   1.1115E-02   2.5130E-02   1.6132E+01   3.7301E+01   4.1068E-03   4.4362E-03   1.0596E-02   2.5161E-02   1.4339E+01   3.2811E+01   2.3584E-03   1.2912E-03   4.8287E-03   9.6105E-03   2.8724E+00   7.9814E+00
   1.2617E+00   8.0160E-04   2.1438E-03   3.3462E-03   1.2738E-02   1.4316E+01   3.5789E+01   3.8497E-03   4.0973E-03   9.8717E-03   2.2158E-02   1.4219E+01   3.3064E+01   3.7316E-03   3.8487E-03   9.4461E-03   2.2033E-02   1.2710E+01   2.9042E+01   2.1985E-03   1.1055E-03   4.4033E-03   8.5258E-03   2.4360E+00   7.0491E+00
   1.2925E+00   7.2536E-04   1.9242E-03   3.0122E-03   1.1480E-02   1.0622E+01   2.6669E+01   3.4590E-03   3.5060E-03   8.6945E-03   1.9259E-02   1.2399E+01   2.9091E+01   3.3892E-03   3.3111E-03   8.3948E-03   1.9109E-02   1.1191E+01   2.5594E+01   2.0494E-03   9.4056E-04   4.0146E-03   7.5323E-03   2.0135E+00   6.1436E+00
   1.3233E+00   6.5226E-04   1.7122E-03   2.6906E-03   1.0273E-02   7.4804E+00   1.8782E+01   3.0848E-03   2.9394E-03   7.5666E-03   1.6490E-02   1.0615E+01   2.5303E+01   3.0661E-03   2.8111E-03   7.4104E-03   1.6386E-02   9.7183E+00   2.2352E+01   1.9072E-03   7.8881E-04   3.6497E-03   6.5959E-03   1.5984E+00   5.2282E+00
   1.3540E+00   5.7962E-04   1.4972E-03   2.3666E-03   9.0466E-03   4.8951E+00   1.2297E+01   2.7316E-03   2.4091E-03   6.5066E-03   1.3912E-02   8.8191E+00   2.1586E+01   2.7535E-03   2.3383E-03   6.4686E-03   1.3851E-02   8.2380E+00   1.9213E+01   1.7695E-03   6.4307E-04   3.2974E-03   5.6880E-03   1.1900E+00   4.2783E+00
   1.3848E+00   5.0573E-04   1.2697E-03   2.0283E-03   7.7346E-03   2.8683E+00   7.2214E+00   2.3963E-03   1.9181E-03   5.5126E-03   1.1550E-02   6.9861E+00   1.7835E+01   2.4470E-03   1.8834E-03   5.5538E-03   1.1470E-02   6.7134E+00   1.6080E+01   1.6377E-03   5.0748E-04   2.9640E-03   4.8339E-03   7.9425E-01   3.2847E+00
   1.4156E+00   4.2996E-04   1.0254E-03   1.6703E-03   6.2977E-03   1.3960E+00   3.5766E+00   2.0816E-03   1.4671E-03   4.5896E-03   9.3778E-03   5.1280E+00   1.3959E+01   2.1463E-03   1.4416E-03   4.6610E-03   9.2090E-03   5.1297E+00   1.2851E+01   1.5114E-03   3.7968E-04   2.6467E-03   4.0314E-03   4.3654E-01   2.2762E+00
   1.4464E+00   3.5591E-04   7.7201E-04   1.3059E-03   4.7616E-03   4.1847E-01   1.2418E+00   1.7955E-03   1.0560E-03   3.7493E-03   7.3536E-03   3.3181E+00   9.9907E+00   1.8641E-03   1.0280E-03   3.8242E-03   7.1082E-03   3.5208E+00   9.5048E+00   1.3949E-03   2.6387E-04   2.3562E-03   3.3098E-03   1.4180E-01   1.3247E+00
   1.4771E+00   2.8598E-04   5.2506E-04   9.5404E-04   3.2177E-03  -1.1666E-01  -2.6940E-03   1.5439E-03   6.7444E-04   2.9903E-03   5.3961E-03   1.7270E+00   6.0990E+00   1.6148E-03   6.5439E-04   3.0766E-03   5.1894E-03   1.9983E+00   6.1091E+00   1.2947E-03   1.6121E-04   2.1032E-03   2.6877E-03  -4.2805E-02   5.5160E-01
   1.5079E+00   2.2088E-04   3.1808E-04   6.4940E-04   1.8730E-03  -2.9362E-01  -4.6827E-01   1.3362E-03   3.1576E-04   2.3201E-03   3.4844E-03   5.4448E-01   2.7269E+00   1.4163E-03   3.3413E-04   2.4585E-03   3.5160E-03   7.7200E-01   2.9726E+00   1.2232E-03   6.6651E-05   1.9015E-03   2.1743E-03  -1.1286E-01   7.0934E-02
   1.5387E+00   5.5772E-05   1.3113E-05   9.6771E-05   2.0418E-04   3.6815E-01   7.0343E-01   1.4007E-03   3.9341E-04   2.4945E-03   3.7186E-03   3.4529E-01   3.3336E+00   1.5670E-03   5.2929E-04   2.8798E-03   4.6377E-03  -1.0142E+00   9.9651E-01   1.2614E-03   6.9173E-05   1.9612E-03   2.2813E-03  -2.4612E-01  -2.2552E-01
