% N=  98
%           r           Er
   3.0774E-02  -8.2664E-02
   3.0774E-02   9.0920E-02
   3.0774E-02   1.7365E+00
   6.1548E-02  -1.6742E-01
   6.1548E-02   1.8447E-01
   6.1548E-02   3.4629E+00
   9.2321E-02  -2.5578E-01
   9.2321E-02   2.8261E-01
   9.2321E-02   5.1706E+00
   1.2310E-01  -3.4937E-01
   1.2310E-01   3.8758E-01
   1.2310E-01   6.8406E+00
   1.5387E-01  -4.4977E-01
   1.5387E-01   5.0118E-01
   1.5387E-01   8.4684E+00
   1.8464E-01  -5.5791E-01
   1.8464E-01   6.2529E-01
   1.8464E-01   1.0041E+01
   2.1542E-01  -6.7363E-01
   2.1542E-01   7.6005E-01
   2.1542E-01   1.1547E+01
   2.4619E-01  -7.9787E-01
   2.4619E-01   9.0707E-01
   2.4619E-01   1.2976E+01
   2.7696E-01  -9.3051E-01
   2.7696E-01   1.0667E+00
   2.7696E-01   1.4322E+01
   3.0774E-01  -1.0689E+00
   3.0774E-01   1.2364E+00
   3.0774E-01   1.5569E+01
   3.3851E-01  -1.1962E+00
   3.3851E-01   1.3935E+00
   3.3851E-01   1.6745E+01
   3.6929E-01  -1.3102E+00
   3.6929E-01   1.5346E+00
   3.6929E-01   1.7850E+01
   4.0006E-01  -1.4192E+00
   4.0006E-01   1.6714E+00
   4.0006E-01   1.8868E+01
   4.3083E-01  -1.5256E+00
   4.3083E-01   1.8064E+00
   4.3083E-01   1.9750E+01
   4.6161E-01  -1.6328E+00
   4.6161E-01   1.9448E+00
   4.6161E-01   2.0532E+01
   4.9238E-01  -1.7441E+00
   4.9238E-01   2.0935E+00
   4.9238E-01   2.1174E+01
   5.2315E-01  -1.8663E+00
   5.2315E-01   2.2589E+00
   5.2315E-01   2.1651E+01
   5.5393E-01  -2.0054E+00
   5.5393E-01   2.4623E+00
   5.5393E-01   2.1902E+01
   5.8470E-01  -2.2308E+00
   5.8470E-01   2.8120E+00
   5.8470E-01   2.1673E+01
   6.1548E-01  -2.5162E+00
   6.1548E-01   3.3091E+00
   6.1548E-01   2.0688E+01
   6.4625E-01  -2.7560E+00
   6.4625E-01   4.0077E+00
   6.4625E-01   1.7100E+01
   6.7702E-01  -2.7937E+00
   6.7702E-01   4.8119E+00
   6.7702E-01   1.2519E+01
   7.0780E-01  -2.9349E+00
   7.0780E-01   5.6213E+00
   7.0780E-01   1.1028E+01
   7.3857E-01  -3.2891E+00
   7.3857E-01   7.1271E+00
   7.3857E-01   9.6562E+00
   7.6934E-01  -3.6404E+00
   8.0012E-01  -4.0202E+00
   8.3089E-01  -4.4284E+00
   8.6167E-01  -4.8641E+00
   8.9244E-01  -5.3232E+00
   9.2321E-01  -5.8042E+00
   9.5399E-01  -6.3071E+00
   9.8476E-01  -6.8379E+00
   1.0155E+00  -7.4268E+00
   1.0463E+00  -8.1267E+00
   1.0771E+00  -8.9393E+00
   1.1079E+00  -9.7713E+00
   1.1386E+00  -1.0469E+01
   1.1694E+00  -1.0936E+01
   1.2002E+00  -1.1163E+01
   1.2310E+00  -1.1061E+01
   1.2617E+00  -1.0740E+01
   1.2925E+00  -1.0275E+01
   1.3233E+00  -9.6967E+00
   1.3540E+00  -9.0245E+00
   1.3848E+00  -8.2809E+00
   1.4156E+00  -7.4851E+00
   1.4464E+00  -6.6797E+00
   1.4771E+00  -5.8381E+00
   1.5079E+00  -4.8505E+00
   1.5387E+00  -3.5620E+00
