%(1)r,m	(2)ne,10^20/m^3	(3)nD,10^20/m^3	(4)nT,10^20/m^3	(5)nHe,10^20/m^3	(6)Te,keV	(7)TD,keV	(8)TT,keV	(9)Er,kV/m	(10)Zeff	(11)pressure,Pa	(12)PNBIe	(13)PNBIi	(14)PECRH	(15)Palpha	(16)D11e,m^2/s	(17)D12e	(18)D21e	(19)D22e	(20)D11D	(21)D12D	(22)D21D	(23)D22D	(24)D11T	(25)D12T	(26)D21T	(27)D22T	(28)D31e	(29)D32e	(30)D31D	(31)D32D	(32)D31T	(33)D32T	(34)Dpsi	(35)Sigma,A/V/m	(36)DeAno	(37)XeAno	(38)XiAno	(39)beta	(40)Nue	(41)NuD	(42)NuT	(43)roStarD	(44)roStarT	(45)FluxN	(46)FluxQe	(47)FluxQi	(48)FluxNeo	(49)FluxAno	(50)FluxQeNeo	(51)FluxQiNeo	(52)FluxQeAno	(53)FluxQiAno	(54)AmbiFlux	(55)J_bse,A/m^2	(56)J_bsi	(57)J_bs,A/m^2	(58)J_eccd	(59)J_nbcd	(60)J_cd	(61)J_ohm	(62)J_tor	(63)I_bs,A	(64)I_eccd	(65)I_nbcd	(66)I_cd	(67)I_tor	(68)I_ohm	(69)iotaCF	(70)iotaBS	(71)iota	
0	1.9348	0.65696	0.65696	0.31044	24.208	24.215	24.213	0	1.3209	1.3806e+06	0	0	0	1.3197	0.0089326	0.022954	0.036353	0.12929	0.0085773	0.0092018	0.022068	0.056565	0.0084446	0.0090773	0.021744	0.057115	833.63	1905.8	77.027	304.87	78.311	290.21	0.00073714	1.0795e+09	0.017734	0.38424	0.38424	13.509	0.0018285	0.00090219	0.00079746	0.0031097	0.0038084	0.000904	0.0069297	0.0052398	0.00063185	0.00027215	0.001705	0.00098208	0.0052247	0.0042577	0.00011222	0	0	0	0	0	0	-19066	-19066	0	0	0	0	0	0	0.97328	0.96635	0.94396	
0.040898	1.9345	0.65694	0.65694	0.3103	24.2	24.205	24.203	0.75584	1.3208	1.3799e+06	0	0	0	1.3191	0.0089715	0.023014	0.036471	0.12947	0.0085717	0.0090573	0.021915	0.054292	0.0084395	0.0089344	0.021594	0.054949	826.99	1883.8	82.188	314.64	83.472	299.64	0.0007375	1.079e+09	0.017737	0.3843	0.3843	13.502	0.0018329	0.00090446	0.00079947	0.0031088	0.0038073	0.0018116	0.013868	0.010426	0.0012672	0.00054439	0.003415	0.0019094	0.010452	0.008517	3.8468e-05	-1422.1	224.39	-1197.8	0	0	0	-19066	-20264	-6.8342	0	0	0	-115.62	-108.79	0.97312	0.97139	0.94379	
0.081796	1.9326	0.65687	0.65687	0.30943	24.149	24.14	24.138	1.515	1.3202	1.3755e+06	0	0	0	1.3151	0.0090943	0.02318	0.036822	0.13002	0.0085768	0.0091133	0.021978	0.054645	0.0084478	0.0089833	0.021655	0.055469	799.09	1794.6	101.48	350.5	102.71	334.13	0.00073962	1.0759e+09	0.017754	0.38467	0.38467	13.459	0.0018452	0.0009113	0.0008055	0.0031038	0.0038012	0.0036476	0.027713	0.020786	0.0025481	0.0010995	0.0068379	0.0038333	0.020875	0.016952	-1.259e-05	-2728.5	551.06	-2177.5	0	0	0	-19510	-21687	-38.508	0	0	0	-478.64	-440.13	0.97247	0.97003	0.94212	
0.12269	1.9294	0.65673	0.65673	0.30798	24.064	24.035	24.032	2.2732	1.3192	1.3682e+06	0	0	0	1.3084	0.0093011	0.023486	0.037437	0.13119	0.0086217	0.0093762	0.022309	0.057357	0.0084884	0.0091312	0.021864	0.057014	755.27	1657.6	131.31	405.71	132.42	387.2	0.00074317	1.0708e+09	0.017783	0.38531	0.38531	13.388	0.0018611	0.00092039	0.00081355	0.0030956	0.0037911	0.0055006	0.0415	0.031151	0.0038537	0.001647	0.010282	0.0058837	0.031218	0.025267	4.3165e-05	-3816.7	1062.8	-2753.9	0	0	0	-20239	-22992	-110.44	0	0	0	-1119.2	-1008.8	0.97139	0.96827	0.93983	
0.16359	1.925	0.65654	0.65654	0.30597	23.945	23.888	23.884	3.0351	1.3179	1.3581e+06	0	0	0	1.2991	0.0095647	0.023852	0.038199	0.13254	0.0086598	0.0095143	0.022504	0.058186	0.008536	0.0092605	0.022064	0.058154	696.14	1477.7	169.45	475.46	170.29	454.09	0.00074816	1.0636e+09	0.017824	0.38619	0.38619	13.289	0.0018808	0.00093188	0.00082371	0.0030842	0.0037771	0.0073703	0.055171	0.041362	0.0051807	0.0021896	0.013719	0.0079057	0.041452	0.033456	-5.5549e-05	-4604.6	1820.7	-2783.8	0	0	0	-21241	-24025	-220.96	0	0	0	-2059.8	-1838.8	0.96986	0.96636	0.9372	
0.20449	1.9194	0.65629	0.65629	0.3034	23.793	23.7	23.696	3.7925	1.3161	1.3453e+06	0	0	0	1.2871	0.0098908	0.024307	0.039143	0.13422	0.0087232	0.0096841	0.022769	0.059041	0.0086157	0.009455	0.022379	0.059789	624.38	1265.8	213.78	555.74	214.21	530.95	0.00075462	1.0545e+09	0.017876	0.38732	0.38732	13.163	0.0019044	0.00094579	0.00083598	0.0030696	0.0037592	0.0092919	0.068717	0.051504	0.0065506	0.0027413	0.017177	0.0099943	0.05154	0.04151	-0.00010422	-5061.7	2864.2	-2197.6	0	0	0	-22487	-24684	-346.91	0	0	0	-3309.4	-2962.5	0.96791	0.96439	0.93431	
0.24539	1.9125	0.65596	0.65596	0.30028	23.609	23.474	23.469	4.541	1.314	1.3297e+06	0	0	0	1.2724	0.01027	0.024829	0.040235	0.13613	0.0088123	0.009881	0.023099	0.059906	0.0087193	0.0095941	0.022673	0.060252	541.79	1029.7	262.18	642.41	261.94	613.53	0.00076258	1.0435e+09	0.017941	0.38872	0.38872	13.011	0.0019315	0.00096194	0.00085025	0.0030519	0.0037374	0.011264	0.08208	0.061458	0.0079651	0.0032987	0.02064	0.012043	0.06144	0.049416	-0.00027068	-5161.5	4208.7	-952.86	0	0	0	-23920	-24873	-441.91	0	0	0	-4859.7	-4417.8	0.96552	0.9624	0.93124	
0.28629	1.9043	0.65552	0.65552	0.29664	23.392	23.209	23.204	5.266	1.3115	1.3115e+06	0	0	0	1.2549	0.010707	0.025441	0.041501	0.13843	0.0089423	0.010128	0.023541	0.060941	0.0088693	0.0097927	0.023097	0.060904	450.6	778.44	312.64	731.72	311.5	698.24	0.0007721	1.0307e+09	0.018018	0.39038	0.39038	12.833	0.0019627	0.00098067	0.0008668	0.0030311	0.003712	0.013259	0.095234	0.071231	0.0094334	0.0038257	0.024119	0.014112	0.071115	0.057119	-0.00045393	-4897.3	5836.9	939.6	0	0	0	-25552	-24612	-437.08	0	0	0	-6685.3	-6248.2	0.96269	0.96042	0.92803	
0.32719	1.8951	0.65505	0.65505	0.29251	23.145	22.909	22.902	5.9514	1.3087	1.2909e+06	0	0	0	1.2349	0.0112	0.026155	0.042955	0.14119	0.0091235	0.010438	0.024124	0.062227	0.0090777	0.010074	0.02369	0.061878	352.57	519.13	363.28	820.14	361.04	781.72	0.00078322	1.016e+09	0.018105	0.39228	0.39228	12.631	0.001999	0.0010025	0.00088608	0.0030075	0.0036829	0.015331	0.10808	0.080784	0.01098	0.0043509	0.027641	0.016237	0.080438	0.064547	-0.00053464	-4295.3	7717.8	3422.4	0	0	0	-27308	-23885	-244.68	0	0	0	-8745.1	-8500.5	0.95942	0.95845	0.9247	
0.36808	1.8847	0.65443	0.65443	0.28791	22.867	22.574	22.566	6.5903	1.3055	1.2679e+06	0	0	0	1.2119	0.011738	0.026982	0.044589	0.14492	0.0093509	0.0108	0.024826	0.063706	0.0093439	0.010436	0.024452	0.063166	248.97	257.02	412.52	904.56	408.84	860.71	0.00079599	9.9972e+08	0.018206	0.39445	0.39445	12.407	0.0020404	0.0010274	0.00090814	0.0029811	0.0036504	0.01755	0.12074	0.090088	0.012646	0.0049043	0.031353	0.018433	0.089384	0.071655	-0.00078424	-3384.4	9809.8	6425.4	0	0	0	-29167	-22742	237.33	0	0	0	-10985	-11222	0.95572	0.95646	0.92124	
0.40898	1.8731	0.65366	0.65366	0.28288	22.561	22.207	22.197	7.1613	1.302	1.2427e+06	0	0	0	1.1862	0.01231	0.027847	0.046312	0.14839	0.009636	0.011226	0.02568	0.065443	0.0096837	0.010902	0.025428	0.064879	141.19	-2.7368	459.03	982.51	453.64	932.96	0.0008105	9.8183e+08	0.018318	0.3969	0.3969	12.16	0.0020874	0.0010557	0.00093317	0.002952	0.0036146	0.019818	0.133	0.099132	0.014402	0.0054161	0.035012	0.020694	0.09799	0.078438	-0.0007946	-2177.2	12030	9853.2	0	0	0	-31083	-21230	1120.2	0	0	0	-13339	-14460	0.95119	0.95404	0.91725	
0.44988	1.8605	0.65278	0.65278	0.27746	22.228	21.81	21.798	7.6631	1.2983	1.2156e+06	0	0	0	1.1579	0.012835	0.028755	0.048007	0.15238	0.0099694	0.011629	0.026583	0.06692	0.010114	0.011432	0.026603	0.066592	16.718	-265.67	496.27	1035.7	488.31	979	0.00082679	9.6249e+08	0.018442	0.39958	0.39958	11.895	0.0021409	0.0010879	0.0009617	0.0029204	0.0035758	0.022164	0.14493	0.10786	0.016271	0.0058926	0.038777	0.022929	0.10616	0.084933	-0.00089695	-625.09	14151	13526	0	0	0	-33004	-19478	2513.5	0	0	0	-15743	-18257	0.94596	0.95125	0.91283	
0.49078	1.8469	0.65176	0.65176	0.27171	21.868	21.385	21.371	8.087	1.2942	1.1867e+06	0	0	0	1.1269	0.01328	0.029623	0.049543	0.1564	0.010336	0.011993	0.027497	0.068146	0.010628	0.011995	0.027938	0.06826	-118.8	-524.81	525.58	1068.6	514.41	1003.9	0.00084495	9.418e+08	0.018577	0.40251	0.40251	11.612	0.0022014	0.0011244	0.00099397	0.0028864	0.003534	0.024628	0.15641	0.11626	0.018245	0.0063834	0.042569	0.025125	0.11385	0.09113	-0.00087622	1227.1	16151	17379	0	0	0	-34871	-17492	4522.1	0	0	0	-18128	-22650	0.94092	0.94892	0.90884	
0.53168	1.8324	0.65052	0.65052	0.26567	21.484	20.933	20.918	8.4349	1.29	1.156e+06	0	0	0	1.0931	0.013653	0.030414	0.050894	0.16008	0.010715	0.012344	0.028416	0.069369	0.011196	0.012568	0.029361	0.069998	-253.61	-777.74	550.87	1093.2	536.44	1021.6	0.00086516	9.198e+08	0.018725	0.40571	0.40571	11.312	0.0022688	0.0011652	0.00103	0.0028502	0.0034895	0.027154	0.16737	0.12423	0.020287	0.0068664	0.046262	0.027267	0.12111	0.096961	-0.00087464	3379.3	18089	21469	0	0	0	-36629	-15160	7256.3	0	0	0	-20411	-27667	0.93593	0.94687	0.90514	
0.57257	1.8169	0.6491	0.6491	0.25937	21.076	20.457	20.442	8.7067	1.2855	1.1239e+06	0	0	0	1.0567	0.013939	0.03112	0.052029	0.16338	0.011095	0.012739	0.029382	0.071554	0.011791	0.013166	0.030853	0.072686	-383.03	-1017	575.15	1114.4	555.01	1034	0.00088757	8.9658e+08	0.018884	0.40916	0.40916	10.997	0.0023435	0.0012106	0.0010701	0.0028118	0.0034424	0.029782	0.17786	0.13202	0.022418	0.0073638	0.049867	0.02959	0.12799	0.10243	-0.00090586	5770.3	19998	25769	0	0	0	-38230	-12461	10835	0	0	0	-22489	-33324	0.93068	0.94477	0.90142	
0.61347	1.8005	0.64738	0.64738	0.25286	20.647	19.959	19.945	8.8996	1.2809	1.0904e+06	0	0	0	1.0177	0.014084	0.031574	0.0527	0.16546	0.011458	0.013051	0.030238	0.072697	0.012377	0.013616	0.032181	0.074007	-503.04	-1237.4	593.71	1126.8	570.87	1043.2	0.00091237	8.722e+08	0.019057	0.4129	0.4129	10.669	0.0024259	0.0012609	0.0011144	0.0027713	0.003393	0.032386	0.18761	0.13918	0.024502	0.0078841	0.053088	0.031493	0.13452	0.10769	-0.0010223	8365	21816	30181	0	0	0	-39629	-9448.5	15372	0	0	0	-24253	-39625	0.92523	0.94265	0.89775	
0.65437	1.7831	0.64541	0.64541	0.24614	20.197	19.44	19.428	9.0034	1.2761	1.0556e+06	0	0	0	0.97618	0.014125	0.031917	0.053105	0.16708	0.011803	0.013371	0.031076	0.074023	0.01294	0.014007	0.033416	0.075388	-610.12	-1434	608.44	1133.2	586.26	1054.2	0.00093976	8.4678e+08	0.019243	0.41692	0.41692	10.329	0.0025167	0.0013168	0.0011634	0.0027289	0.0033412	0.035041	0.19666	0.14594	0.026617	0.0084234	0.056085	0.033282	0.14057	0.11266	-0.0022012	11092	23551	34643	0	0	0	-40790	-6146.8	20972	0	0	0	-25589	-46561	0.92007	0.94096	0.89458	
0.69527	1.7647	0.64311	0.64311	0.23922	19.728	18.903	18.893	8.9167	1.2711	1.0197e+06	0	0	0	0.93221	0.014074	0.032181	0.053292	0.16887	0.01218	0.013849	0.03212	0.076301	0.013482	0.01442	0.034643	0.077426	-702.86	-1606.7	620.83	1137.5	599.82	1063.4	0.00096995	8.2043e+08	0.019444	0.42128	0.42128	9.9774	0.0026161	0.0013784	0.0012173	0.0026847	0.0032873	0.037851	0.20462	0.15214	0.028805	0.0090456	0.059014	0.035065	0.14561	0.11708	-0.0053554	13978	25091	39069	0	0	0	-41686	-2617.3	27730	0	0	0	-26381	-54111	0.91497	0.93945	0.89168	
0.73617	1.7451	0.64045	0.64045	0.23208	19.245	18.351	18.344	8.368	1.266	9.8283e+05	0	0	0	0.88604	0.014245	0.033194	0.054562	0.17435	0.012776	0.01499	0.034154	0.082136	0.01407	0.015246	0.036351	0.082505	-786.75	-1771.6	635.19	1148.6	623.07	1089.7	0.0010029	7.9348e+08	0.019662	0.42601	0.42601	9.6171	0.0027233	0.0014458	0.0012763	0.002639	0.0032315	0.041391	0.20983	0.15699	0.031609	0.0097813	0.062548	0.037264	0.14728	0.11973	-0.018693	17116	26296	43412	0	0	0	-42307	1104.8	35722	0	0	0	-26518	-62240	0.90988	0.93803	0.88897	
0.77707	1.724	0.63738	0.63738	0.22461	18.768	17.799	17.793	6.2101	1.2606	9.459e+05	0	0	0	0.83865	0.016133	0.04029	0.064489	0.21571	0.015302	0.020293	0.043246	0.10962	0.015953	0.019873	0.043803	0.10808	-846.62	-1932.9	658.32	1195.6	658.99	1150	0.0010375	7.67e+08	0.019902	0.43122	0.43122	9.2557	0.0028315	0.001516	0.0013379	0.0025928	0.003175	0.045035	0.19594	0.14188	0.035696	0.0093395	0.068843	0.039994	0.1271	0.10188	-0.064492	18261	23273	41534	0	0	0	-42705	-1170.5	44381	0	0	0	-26531	-70911	0.90518	0.93663	0.88637	
0.81796	1.7067	0.63384	0.63384	0.21949	18.423	17.428	17.418	-1.4966	1.2572	9.1891e+05	0	0	0	0.80269	0.024496	0.076075	0.11282	0.45661	0.061905	0.10086	0.19372	0.51952	0.059448	0.096642	0.18581	0.50034	-973.07	-2394.1	755.83	1461.8	771.13	1439.6	0.0010645	7.4756e+08	0.020104	0.4356	0.4356	8.9915	0.0029148	0.0015663	0.0013828	0.0025594	0.0031337	0.080545	0.2455	0.19058	0.071601	0.0089439	0.14207	0.11183	0.10343	0.078755	0.087655	30165	14770	44935	0	0	0	-43276	1658.8	53656	0	0	0	-26471	-80127	0.90052	0.93492	0.88355	
0.85886	1.6876	0.62979	0.62979	0.21401	18.102	17.099	17.084	-1.6954	1.2536	8.9302e+05	0	0	0	0.76887	0.021709	0.066711	0.099275	0.39781	0.05175	0.084274	0.1619	0.43637	0.049994	0.081249	0.15624	0.42274	-950.89	-2304.9	741.3	1404.7	753.91	1376.3	0.0010906	7.2964e+08	0.020332	0.44052	0.44052	8.7382	0.0029904	0.0016092	0.0014212	0.002529	0.003096	0.075718	0.23231	0.17239	0.065582	0.010136	0.12668	0.093451	0.10563	0.078938	0.00046142	30722	14560	45283	0	0	0	-43721	1561.4	63791	0	0	0	-26110	-89900	0.89633	0.93354	0.8811	
0.89976	1.6659	0.62516	0.62516	0.20779	17.747	16.732	16.714	-1.8549	1.2495	8.6438e+05	0	0	0	0.73148	0.019081	0.058194	0.086814	0.34555	0.044741	0.073009	0.14012	0.37969	0.043503	0.070815	0.13607	0.3699	-916.94	-2194.7	718.33	1336.8	731.41	1310.5	0.0011209	7.0994e+08	0.020597	0.44626	0.44626	8.458	0.0030749	0.0016579	0.0014645	0.0024956	0.0030548	0.075659	0.23792	0.17742	0.064041	0.011618	0.12076	0.089649	0.11716	0.087768	-0.00022737	32838	15757	48595	0	0	0	-43851	4744	74824	0	0	0	-25361	-1.0019e+05	0.89263	0.93257	0.87909	
0.94066	1.6415	0.61986	0.61986	0.20086	17.353	16.329	16.308	-2.0342	1.2447	8.3306e+05	0	0	0	0.6908	0.016559	0.050103	0.074941	0.29626	0.038508	0.062949	0.12071	0.32881	0.037713	0.061436	0.118	0.32208	-872.62	-2065	691.48	1266.3	703.01	1238.8	0.0011561	6.8834e+08	0.020903	0.4529	0.4529	8.1515	0.0031704	0.0017126	0.0015131	0.0024597	0.0030105	0.074753	0.24263	0.18122	0.061562	0.013191	0.11305	0.084552	0.12959	0.096672	-0.00047232	34567	16760	51327	0	0	0	-43648	7679	87076	0	0	0	-23831	-1.1091e+05	0.88941	0.93216	0.87771	
0.98156	1.6143	0.61392	0.61392	0.19322	16.918	15.888	15.866	-2.2544	1.2394	7.991e+05	0	0	0	0.647	0.014193	0.042548	0.063837	0.25037	0.032823	0.05365	0.10288	0.28144	0.032408	0.052689	0.1013	0.27722	-820.26	-1921.3	656.78	1183.5	669.04	1159.8	0.0011972	6.6472e+08	0.021255	0.46053	0.46053	7.8192	0.0032797	0.0017746	0.0015678	0.0024219	0.0029641	0.073176	0.24656	0.1844	0.058248	0.014928	0.10379	0.07831	0.14277	0.10609	-0.00071893	35899	17540	53439	0	0	0	-43103	10336	1.0046e+05	0	0	0	-21525	-1.2198e+05	0.88683	0.9324	0.87706	
1.0225	1.584	0.60716	0.60716	0.18484	16.441	15.409	15.386	-2.5365	1.2334	7.6244e+05	0	0	0	0.60007	0.012007	0.035591	0.053601	0.20827	0.027707	0.04513	0.08669	0.23779	0.027592	0.04458	0.085968	0.23541	-762.23	-1771.4	618.33	1099.2	630.77	1079.7	0.0012452	6.3906e+08	0.021661	0.46933	0.46933	7.4605	0.0034051	0.0018448	0.0016297	0.002381	0.002914	0.070989	0.24972	0.18701	0.054146	0.016843	0.09322	0.071049	0.1565	0.11596	-0.001292	36810	18114	54924	0	0	0	-42218	12707	1.1485e+05	0	0	0	-18458	-1.3331e+05	0.88465	0.933	0.87688	
1.0634	1.5507	0.59957	0.59957	0.17576	15.918	14.891	14.868	-2.9301	1.2267	7.2327e+05	0	0	0	0.55037	0.010024	0.029255	0.044291	0.16995	0.02329	0.037557	0.072492	0.19844	0.023399	0.037218	0.072316	0.19693	-704.28	-1640.7	575.75	1017	586.13	993.49	0.0013018	6.1128e+08	0.022127	0.47942	0.47942	7.0772	0.0035495	0.0019246	0.0017001	0.0023365	0.0028594	0.068164	0.25199	0.18906	0.049313	0.018851	0.081578	0.06295	0.17041	0.12611	-0.0012537	37686	18328	56014	0	0	0	-40997	15016	1.3016e+05	0	0	0	-14629	-1.4478e+05	0.8825	0.9335	0.87676	
1.1043	1.5143	0.5911	0.5911	0.16606	15.351	14.334	14.31	-3.4321	1.2193	6.8185e+05	0	0	0	0.49843	0.0082587	0.023675	0.036063	0.13651	0.019491	0.030831	0.060067	0.16335	0.019792	0.030615	0.060302	0.1623	-641	-1499.8	530.06	930.02	538.67	903.81	0.0013684	5.8155e+08	0.022658	0.49092	0.49092	6.672	0.0037178	0.0020165	0.001781	0.0022883	0.0028003	0.064977	0.25346	0.19057	0.043984	0.020993	0.069581	0.054383	0.18388	0.13618	-0.0015979	37845	18162	56007	0	0	0	-39469	16538	1.4618e+05	0	0	0	-10111	-1.5629e+05	0.88034	0.93379	0.87664	
1.1451	1.4749	0.58162	0.58162	0.15583	14.741	13.742	13.717	-4.0721	1.2113	6.3853e+05	0	0	0	0.44487	0.0067252	0.01889	0.028978	0.10811	0.016311	0.024958	0.049423	0.13256	0.01684	0.024865	0.050125	0.13213	-573.93	-1351.2	482.67	839.61	490.61	814.7	0.0014466	5.5011e+08	0.023264	0.50405	0.50405	6.2481	0.0039137	0.0021221	0.0018743	0.0022365	0.0027367	0.061685	0.25418	0.19172	0.038443	0.023242	0.057868	0.045776	0.19631	0.14594	-0.0029294	37190	17600	54790	0	0	0	-37666	17124	1.6258e+05	0	0	0	-5124.4	-1.6771e+05	0.87812	0.93372	0.87637	
1.186	1.4326	0.5711	0.5711	0.1452	14.094	13.118	13.091	-4.965	1.2027	5.9383e+05	0	0	0	0.39066	0.0053878	0.014767	0.022849	0.083824	0.013638	0.019681	0.040138	0.1049	0.014558	0.019836	0.041673	0.10588	-503.68	-1194.3	435.31	749.32	444.3	730.47	0.0015384	5.1727e+08	0.02395	0.51893	0.51893	5.8107	0.0041423	0.0022445	0.0019824	0.0021811	0.0026685	0.058417	0.25425	0.19263	0.03282	0.025597	0.046721	0.037205	0.20753	0.15543	-0.0089135	35714	16650	52364	0	0	0	-35634	16730	1.7899e+05	0	0	0	59.247	-1.7893e+05	0.87593	0.93329	0.87595	
1.2269	1.3875	0.55946	0.55946	0.13427	13.413	12.461	12.434	-6.6251	1.1936	5.4812e+05	0	0	0	0.33669	0.0041275	0.010891	0.017082	0.06109	0.011451	0.014579	0.031755	0.078247	0.013133	0.015603	0.035303	0.082806	-427.91	-1017.9	391.08	664.62	403.54	662.94	0.0016465	4.8331e+08	0.02473	0.53581	0.53581	5.3634	0.0044095	0.0023875	0.0021086	0.0021218	0.0025958	0.054752	0.25329	0.19223	0.026692	0.02806	0.035529	0.028112	0.21776	0.16412	-0.023173	33436	15099	48535	0	0	0	-33416	15119	1.9494e+05	0	0	0	5092.7	-1.8985e+05	0.87378	0.93244	0.87532	
1.2678	1.3398	0.54665	0.54665	0.12325	12.7	11.778	11.756	-10.279	1.184	5.02e+05	0	0	0	0.28443	0.0028911	0.0071835	0.01152	0.039652	0.010703	0.012044	0.028099	0.061713	0.012612	0.015599	0.034517	0.076507	-344.6	-817.61	351.84	607.5	356.54	607.23	0.0017744	4.4847e+08	0.02561	0.55487	0.55487	4.912	0.004725	0.0025555	0.0022548	0.002059	0.0025194	0.050599	0.24994	0.19101	0.019957	0.030642	0.024412	0.021815	0.22553	0.16919	0.0054319	30538	12124	42663	0	0	0	-31054	11609	2.098e+05	0	0	0	9445	-2.0036e+05	0.87171	0.93109	0.87438	
1.3087	1.2896	0.53263	0.53263	0.11216	11.969	11.094	11.083	-13.474	1.174	4.5649e+05	0	0	0	0.23599	0.0021813	0.0052472	0.0085192	0.02886	0.0098051	0.012656	0.027364	0.062613	0.010213	0.014876	0.030196	0.076666	-276.24	-665.84	305.73	547.6	298.15	524.35	0.0019245	4.1351e+08	0.026606	0.57647	0.57647	4.4668	0.0050911	0.0027431	0.0024157	0.0019945	0.0024416	0.049498	0.24705	0.19059	0.016016	0.033482	0.018155	0.019682	0.22889	0.17091	0.027313	27266	9265.5	36531	0	0	0	-28626	7905.2	2.231e+05	0	0	0	12717	-2.1039e+05	0.86972	0.92922	0.87311	
1.3496	1.2369	0.51731	0.51731	0.10112	11.237	10.418	10.413	-14.329	1.1635	4.122e+05	0	0	0	0.1917	0.0019085	0.0045892	0.007452	0.025332	0.0086313	0.01158	0.024527	0.058676	0.0086434	0.01237	0.025335	0.066502	-230.27	-569.41	266.49	485.31	257.64	455.69	0.0020979	3.7932e+08	0.027741	0.60105	0.60105	4.0334	0.0055078	0.0029508	0.0025955	0.0019291	0.0023621	0.05088	0.24398	0.18899	0.014512	0.036368	0.01543	0.016806	0.22855	0.17219	0.011031	23863	8072.4	31936	0	0	0	-26218	5717.8	2.3494e+05	0	0	0	15069	-2.1987e+05	0.86782	0.92696	0.87161	
1.3905	1.1824	0.5007	0.5007	0.09048	10.511	9.7497	9.7457	-14.237	1.153	3.6964e+05	0	0	0	0.15213	0.0017516	0.0042517	0.006879	0.023588	0.0077934	0.010392	0.022082	0.053782	0.007754	0.01065	0.022281	0.058045	-193.27	-493.55	233.63	431.05	226.1	402.53	0.0022985	3.4621e+08	0.02902	0.62876	0.62876	3.617	0.0059807	0.0031847	0.0027994	0.0018627	0.0022809	0.052831	0.23978	0.18741	0.013593	0.039238	0.013578	0.014524	0.2262	0.17288	0.0031183	20511	7508.7	28019	0	0	0	-23865	4153.9	2.456e+05	0	0	0	16822	-2.2878e+05	0.86601	0.92445	0.87002	
1.4314	1.1263	0.48274	0.48274	0.080388	9.7959	9.0914	9.0878	-13.877	1.1428	3.2908e+05	0	0	0	0.11772	0.0016272	0.003999	0.0064397	0.022313	0.0071291	0.0094235	0.020117	0.049725	0.0070806	0.0093448	0.019966	0.051412	-160.79	-426.94	203.82	381.74	197.81	355.75	0.0025317	3.1432e+08	0.030465	0.66008	0.66008	3.22	0.006518	0.003449	0.0030303	0.0017954	0.0021985	0.055144	0.23494	0.18549	0.012822	0.042322	0.012004	0.012693	0.22294	0.17279	0.00028505	17362	7043.5	24405	0	0	0	-21591	2814.2	2.5518e+05	0	0	0	18094	-2.3709e+05	0.86431	0.92179	0.86839	
1.4723	1.0687	0.46347	0.46347	0.070894	9.0935	8.4448	8.4409	-13.49	1.1327	2.9069e+05	0	0	0	0.088601	0.0015115	0.0037651	0.0060324	0.021135	0.0065491	0.0086285	0.018452	0.046394	0.0064874	0.0082409	0.017972	0.045902	-131.79	-366.41	175.78	335.43	171.27	312.28	0.0028045	2.8375e+08	0.032105	0.69561	0.69561	2.8444	0.0071311	0.0037492	0.003293	0.0017273	0.002115	0.05781	0.22965	0.1833	0.012071	0.045739	0.010555	0.011119	0.2191	0.17218	-0.0006434	14476	6531.9	21008	0	0	0	-19410	1597.6	2.6371e+05	0	0	0	18919	-2.4479e+05	0.86272	0.91902	0.86676	
1.5132	1.0097	0.44285	0.44285	0.062016	8.4054	7.8109	7.8065	-13.157	1.1228	2.5455e+05	0	0	0	0.064651	0.001396	0.0035251	0.005619	0.019912	0.006019	0.0079363	0.016965	0.043433	0.00594	0.0072656	0.016176	0.041101	-105.91	-311.01	149.57	291.98	146.03	271.02	0.0031258	2.5458e+08	0.033981	0.73625	0.73625	2.4908	0.0078333	0.0040919	0.003593	0.0016582	0.0020303	0.060822	0.22409	0.18094	0.01129	0.049532	0.0091811	0.0096893	0.21491	0.17125	-0.00086696	11866	5951.8	17818	0	0	0	-17334	483.5	2.7118e+05	0	0	0	19318	-2.5186e+05	0.86124	0.91621	0.86516	
1.5541	0.9495	0.42098	0.42098	0.053765	7.7321	7.1898	7.1847	-12.897	1.1132	2.2077e+05	0	0	0	0.045572	0.0012769	0.0032683	0.0051837	0.018584	0.0055202	0.0072817	0.015562	0.040521	0.0054332	0.0063879	0.014538	0.036751	-82.971	-260.43	125.33	251.66	122.5	232.26	0.003508	2.2685e+08	0.036137	0.78296	0.78296	2.1603	0.0086444	0.0044869	0.0039391	0.0015881	0.0019444	0.064212	0.21834	0.17844	0.010454	0.053758	0.0078685	0.0083465	0.21048	0.1701	-0.00097489	9524.8	5325.5	14850	0	0	0	-15369	-518.38	2.7763e+05	0	0	0	19308	-2.5832e+05	0.85992	0.9134	0.86364	
1.595	0.88804	0.39788	0.39788	0.046143	7.0742	6.5816	6.5758	-12.719	1.1039	1.8939e+05	0	0	0	0.030877	0.0011531	0.0029899	0.0047196	0.017121	0.0050383	0.0066074	0.014165	0.037372	0.0049637	0.0055774	0.013023	0.032604	-62.857	-214.54	103.2	214.42	100.88	196.39	0.0039676	2.0057e+08	0.038637	0.83714	0.83714	1.8532	0.0095886	0.0049469	0.0043422	0.0015169	0.001857	0.068047	0.21259	0.17589	0.0095559	0.058491	0.0066208	0.0070512	0.20597	0.16883	-0.0016505	7447.7	4680.3	12128	0	0	0	-13518	-1390	2.8308e+05	0	0	0	18920	-2.6416e+05	0.85878	0.91068	0.86225	
1.6359	0.82567	0.37369	0.37369	0.039149	6.4316	5.9857	5.9793	-12.682	1.0948	1.6047e+05	0	0	0	0.019995	0.0010129	0.0026536	0.0041729	0.015305	0.0045912	0.0058994	0.012786	0.033799	0.004555	0.0049	0.011732	0.028873	-45.269	-172.48	83.086	179.87	81.43	163.82	0.004528	1.7575e+08	0.041556	0.90038	0.90038	1.5702	0.010702	0.0054901	0.0048185	0.0014442	0.0017679	0.072227	0.20686	0.17327	0.0084959	0.063731	0.005381	0.0058149	0.20147	0.16745	-0.0010235	5605.5	4024.1	9629.5	0	0	0	-11782	-2152.4	2.8759e+05	0	0	0	18184	-2.694e+05	0.85786	0.90809	0.86104	
1.6768	0.7626	0.34852	0.34852	0.032778	5.8038	5.4019	5.3952	-12.733	1.086	1.3404e+05	0	0	0	0.012283	0.0008694	0.0022957	0.0035998	0.013342	0.0041653	0.0051619	0.01141	0.029883	0.0041844	0.0043046	0.010581	0.025392	-30.365	-134.98	64.842	147.81	63.84	134.14	0.0052223	1.5238e+08	0.044993	0.97485	0.97485	1.3116	0.012038	0.0061442	0.0053916	0.0013699	0.0016767	0.076947	0.20129	0.17063	0.0073799	0.069567	0.0042397	0.0046624	0.19705	0.16597	-0.00050441	4015	3381	7396	0	0	0	-10161	-2764.7	2.9119e+05	0	0	0	17139	-2.7405e+05	0.85721	0.90572	0.86006	
1.7177	0.6992	0.32258	0.32258	0.027018	5.1903	4.8296	4.823	-12.826	1.0773	1.1012e+05	0	0	0	0.0070893	0.00073128	0.0019405	0.0030374	0.011373	0.0037574	0.0044286	0.010065	0.025845	0.003837	0.003771	0.0095265	0.022155	-18.148	-102.4	48.883	118.88	48.343	107.65	0.0060988	1.3048e+08	0.049073	1.0632	1.0632	1.0775	0.013679	0.0069513	0.0060984	0.0012934	0.001583	0.082292	0.19593	0.16802	0.0062785	0.076013	0.0032421	0.0036318	0.19269	0.16439	-0.00045412	2676.6	2785.8	5462.4	0	0	0	-8653.7	-3191.3	2.9398e+05	0	0	0	15845	-2.7813e+05	0.85688	0.90365	0.8594	
1.7586	0.6359	0.2961	0.2961	0.021853	4.5902	4.2685	4.2623	-12.957	1.0687	88731	0	0	0	0.0037943	0.00059865	0.0015928	0.0024908	0.0094233	0.0033711	0.0037364	0.008793	0.021893	0.0035037	0.003305	0.0085606	0.019259	-8.3145	-74.407	34.848	92.392	35.065	84.537	0.0072319	1.1004e+08	0.053958	1.1691	1.1691	0.86823	0.015755	0.0079774	0.0069963	0.0012143	0.0014861	0.088295	0.19083	0.16543	0.005204	0.083091	0.0023895	0.0027491	0.18844	0.16268	-0.00028456	1566.7	2246.9	3813.7	0	0	0	-7259.1	-3445.4	2.9603e+05	0	0	0	14371	-2.8166e+05	0.85693	0.90195	0.85911	
1.7995	0.57324	0.26936	0.26936	0.017263	4.0028	3.7182	3.7128	-13.113	1.0602	69860	0	0	0	0.0018489	0.00047407	0.001259	0.0019701	0.0075277	0.0030085	0.0031223	0.0076351	0.018275	0.0031743	0.0029009	0.0076624	0.016753	-0.72983	-50.963	22.914	69.251	23.62	64.264	0.0087401	9.1048e+07	0.059856	1.2969	1.2969	0.68358	0.018484	0.0093332	0.008182	0.0011319	0.0013853	0.094919	0.18601	0.16289	0.0041781	0.090741	0.0016823	0.0020283	0.18432	0.16086	0.00037685	675.71	1776.8	2452.5	0	0	0	-5975.1	-3522.6	2.9745e+05	0	0	0	12790	-2.8466e+05	0.85743	0.90071	0.85929	
1.8404	0.51189	0.24272	0.24272	0.013223	3.4268	3.1782	3.1737	-13.236	1.0517	53479	0	0	0	0.0007981	0.00036005	0.00094603	0.0014861	0.0057285	0.0026679	0.0026079	0.0066097	0.015197	0.002841	0.0025401	0.0068015	0.01461	4.7021	-31.96	13.345	50.038	14.109	46.973	0.010824	7.3519e+07	0.067029	1.4523	1.4523	0.5233	0.022263	0.011219	0.0098299	0.0010453	0.0012794	0.10203	0.18149	0.16041	0.0032206	0.098804	0.0011165	0.0014679	0.18037	0.15894	0.0018335	-7.4577	1391.5	1384	0	0	0	-4800.1	-3416.1	2.9834e+05	0	0	0	11182	-2.8716e+05	0.85845	0.9	0.86	
1.8813	0.45266	0.21663	0.21663	0.009702	2.8606	2.648	2.6444	-13.201	1.0429	39527	0	0	0	0.00029225	0.00025862	0.00066134	0.0010493	0.0040719	0.002341	0.0021827	0.0056942	0.012704	0.0024991	0.0021903	0.0059389	0.012681	8.1667	-17.099	5.6805	33.618	6.5103	32.227	0.013852	5.7447e+07	0.075799	1.6423	1.6423	0.38678	0.02788	0.014029	0.012285	0.00095323	0.0011667	0.10928	0.17728	0.158	0.0023476	0.10693	0.00068344	0.0010474	0.1766	0.15696	0.004145	-497.68	1075.6	577.95	0	0	0	-3732.1	-3154.2	2.988e+05	0	0	0	9627.3	-2.8917e+05	0.86005	0.89993	0.86133	
1.9222	0.3965	0.19159	0.19159	0.0066647	2.3028	2.1268	2.1239	-12.81	1.0336	27904	0	0	0	8.4227e-05	0.0001724	0.00041319	0.00067179	0.0026072	0.0020202	0.0018051	0.0048354	0.010613	0.0021532	0.0018268	0.0050566	0.01079	9.8066	-6.1525	-0.059282	20.112	0.68541	19.773	0.018565	4.2865e+07	0.086536	1.8749	1.8749	0.27304	0.037124	0.01866	0.016332	0.00085354	0.0010447	0.11601	0.17338	0.15569	0.0015771	0.11444	0.0003716	0.00073601	0.17301	0.15495	0.0070982	-807.78	821.46	13.676	0	0	0	-2771.3	-2757.6	2.9894e+05	0	0	0	8199	-2.9074e+05	0.86232	0.90058	0.86337	
1.9631	0.34449	0.16818	0.16818	0.0040692	1.7516	1.6135	1.6113	-11.81	1.0236	18462	0	0	0	1.6509e-05	0.00010468	0.00021204	0.00036906	0.0013978	0.0017044	0.0014257	0.0039822	0.008636	0.0018153	0.0014417	0.0041647	0.0088373	9.8004	1.3623	-3.8625	8.8909	-3.2739	9.33	0.026685	2.9821e+07	0.0996	2.158	2.158	0.18065	0.054749	0.027491	0.024045	0.00074288	0.00090924	0.12091	0.1698	0.15349	0.00093247	0.11998	0.0001672	0.00050522	0.16963	0.15299	0.01023	-956.22	589.38	-366.84	0	0	0	-1918.9	-2285.7	2.9885e+05	0	0	0	6955.5	-2.919e+05	0.86535	0.90204	0.8662	
2.004	0.29797	0.14712	0.14712	0.0018669	1.205	1.1071	1.1057	-9.9306	1.0125	11002	0	0	0	1.5625e-06	5.9858e-05	7.2502e-05	0.00016229	0.00054107	0.0013971	0.00098938	0.003085	0.0064488	0.0014965	0.0010242	0.003269	0.0067542	8.1206	5.5727	-5.4512	0.2675	-5.1197	0.98234	0.043208	1.8417e+07	0.11515	2.495	2.495	0.10765	0.097601	0.048915	0.042757	0.00061499	0.00075271	0.12162	0.16649	0.15144	0.00045163	0.12117	5.4643e-05	0.00032838	0.16643	0.15111	0.011753	-946.65	325.62	-621.02	0	0	0	-1179.6	-1800.7	2.9861e+05	0	0	0	5927.4	-2.9268e+05	0.86924	0.90442	0.86994	
2.0449	0.25842	0.12921	0.12921	1.4014e-06	0.66191	0.60724	0.60643	-7.0423	1	5253	0	0	0	2.3082e-08	4.0737e-05	3.851e-06	6.4957e-05	0.00011993	0.0011263	0.00040545	0.002095	0.0035916	0.0012252	0.0004875	0.0023252	0.0041268	4.6196	5.4804	-4.1726	-3.7276	-4.1265	-3.4318	0.089814	8.8602e+06	0.13277	2.8768	2.8768	0.051401	0.26961	0.13443	0.11741	0.00045521	0.00055715	0.11722	0.16077	0.14728	0.00017201	0.11705	1.1058e-05	0.0001622	0.16076	0.14712	-4.3844e-07	-733.66	-6.5159	-740.18	0	0	0	-1179.6	-1919.8	2.9826e+05	0	0	0	4971	-2.9328e+05	0.87415	0.90787	0.87471	
