%(1)r,m	(2)ne,10^20/m^3	(3)nD,10^20/m^3	(4)nT,10^20/m^3	(5)nHe,10^20/m^3	(6)Te,keV	(7)TD,keV	(8)TT,keV	(9)Er,kV/m	(10)Zeff	(11)pressure,Pa	(12)PNBIe	(13)PNBIi	(14)PECRH	(15)Palpha	(16)D11e,m^2/s	(17)D12e	(18)D21e	(19)D22e	(20)D11D	(21)D12D	(22)D21D	(23)D22D	(24)D11T	(25)D12T	(26)D21T	(27)D22T	(28)D31e	(29)D32e	(30)D31D	(31)D32D	(32)D31T	(33)D32T	(34)Dpsi	(35)Sigma,A/V/m	(36)DeAno	(37)XeAno	(38)XiAno	(39)beta	(40)Nue	(41)NuD	(42)NuT	(43)roStarD	(44)roStarT	(45)FluxN	(46)FluxQe	(47)FluxQi	(48)FluxNeo	(49)FluxAno	(50)FluxQeNeo	(51)FluxQiNeo	(52)FluxQeAno	(53)FluxQiAno	(54)AmbiFlux	(55)J_bse,A/m^2	(56)J_bsi	(57)J_bs,A/m^2	(58)J_eccd	(59)J_nbcd	(60)J_cd	(61)J_ohm	(62)J_tor	(63)I_bs,A	(64)I_eccd	(65)I_nbcd	(66)I_cd	(67)I_tor	(68)I_ohm	(69)iotaCF	(70)iotaBS	(71)iota	
0	1.9328	0.63446	0.63446	0.33196	24.683	24.943	24.937	0	1.3435	1.4041e+06	0	0	0	1.2688	0.026617	0.089203	0.12913	0.56093	0.080446	0.13242	0.25309	0.7739	0.076537	0.13225	0.24706	0.77828	751.66	2158	946.38	2618.1	1018.4	2740.9	0.00068227	1.1664e+09	0.017115	0.37082	0.37082	9.8297	0.0021877	0.0010668	0.00094389	0.002642	0.0032354	0.0016974	0.0065929	0.0052046	0.0015726	0.00012482	0.0043656	0.0036351	0.0022273	0.0015694	0.0007304	0	0	0	0	0	0	-8017	-8017	0	0	0	0	0	0	0.81245	0.80905	0.79907	
0.040714	1.9327	0.63445	0.63445	0.33189	24.679	24.939	24.933	-0.094508	1.3435	1.4037e+06	0	0	0	1.2685	0.026626	0.089233	0.12917	0.56105	0.08013	0.12828	0.24847	0.71507	0.076199	0.12814	0.24243	0.72026	759.14	2167.2	948.86	2615.8	1021.1	2737.7	0.00068255	1.1659e+09	0.017116	0.37085	0.37085	9.8275	0.0021862	0.0010661	0.00094328	0.0026417	0.003235	0.0033965	0.013189	0.0098917	0.0031468	0.00024965	0.0087339	0.0067525	0.0044551	0.0031392	7.4702e-05	-1256.6	711.8	-544.84	0	0	0	-8017	-8561.8	-3.0109	0	0	0	-47.314	-44.303	0.81253	0.81168	0.79914	
0.081427	1.9318	0.63438	0.63438	0.33152	24.657	24.914	24.908	-0.18026	1.3432	1.4018e+06	0	0	0	1.2669	0.026685	0.089585	0.12961	0.56388	0.084646	0.13311	0.26008	0.72622	0.079948	0.13143	0.25135	0.722	788.45	2214.5	950.67	2586.1	1027.2	2722.5	0.00068395	1.1635e+09	0.017124	0.37102	0.37102	9.8143	0.002185	0.0010657	0.00094288	0.0026401	0.003233	0.0067676	0.026375	0.019174	0.0062845	0.00048306	0.017466	0.013156	0.0089095	0.0060175	0.00025274	-2544.4	1363.3	-1181.1	0	0	0	-7903	-9084.1	-19.074	0	0	0	-195.02	-175.94	0.81282	0.81147	0.79904	
0.12214	1.9304	0.63423	0.63423	0.33096	24.619	24.876	24.868	-0.23637	1.3429	1.3988e+06	0	0	0	1.2643	0.026794	0.090354	0.13055	0.57055	0.10007	0.1561	0.3062	0.85208	0.092959	0.14882	0.28826	0.81036	833.38	2294.1	940.38	2501.6	1025.9	2675.6	0.00068626	1.1596e+09	0.017136	0.37129	0.37129	9.793	0.0021858	0.0010659	0.00094321	0.0026376	0.0032299	0.010295	0.041222	0.030158	0.0097081	0.00058649	0.027202	0.021615	0.01402	0.0085423	0.0099404	-3959.8	1889.4	-2070.4	0	0	0	-7714	-9784.5	-66.44	0	0	0	-457.57	-391.13	0.81331	0.81122	0.79894	
0.16285	1.929	0.63406	0.63406	0.33044	24.561	24.825	24.816	0.87301	1.3426	1.3948e+06	0	0	0	1.2609	0.023957	0.075101	0.11104	0.45413	0.034562	0.061805	0.11365	0.35674	0.035831	0.066256	0.12	0.38598	740.26	1663	980.57	2351.6	994.5	2307.4	0.00068972	1.1538e+09	0.017149	0.37156	0.37156	9.7649	0.0021902	0.0010673	0.00094453	0.0026342	0.0032256	0.011912	0.051698	0.036184	0.010719	0.0011924	0.029707	0.020961	0.021992	0.015223	-0.0027707	-4419.9	4454.2	34.279	0	0	0	-7448.6	-7414.4	-99.996	0	0	0	-783.52	-683.53	0.81399	0.81223	0.80016	
0.20357	1.9247	0.63381	0.63381	0.32855	24.471	24.713	24.706	1.6578	1.3414	1.3866e+06	0	0	0	1.2543	0.021461	0.06274	0.094932	0.36308	0.024815	0.044331	0.081554	0.25852	0.026328	0.047411	0.086903	0.27887	702.88	1438.5	944.72	2135.1	943.85	2070.5	0.00069451	1.1458e+09	0.017187	0.37238	0.37238	9.7073	0.002196	0.0010715	0.00094799	0.0026274	0.0032175	0.014779	0.065801	0.049165	0.012681	0.0020988	0.033831	0.024734	0.031971	0.024431	1.0824e-05	-5807.4	7065.2	1257.8	0	0	0	-7106	-5848.1	-64.517	0	0	0	-1108.8	-1044.2	0.81487	0.81414	0.80236	
0.24428	1.9191	0.63349	0.63349	0.32603	24.349	24.562	24.557	2.444	1.3398	1.3755e+06	0	0	0	1.2453	0.019803	0.055663	0.085369	0.31428	0.020984	0.036389	0.067865	0.21237	0.022343	0.038641	0.072156	0.2275	679.06	1215	935.18	2014.5	928.53	1941.9	0.0007008	1.1355e+09	0.017238	0.37348	0.37348	9.6298	0.0022061	0.0010782	0.00095371	0.0026183	0.0032065	0.01688	0.078885	0.058906	0.0142	0.00268	0.03719	0.026988	0.041695	0.031918	0.00018408	-6600.4	9348.1	2747.7	0	0	0	-6686.9	-3939.2	61.184	0	0	0	-1400.6	-1461.8	0.81594	0.81642	0.80498	
0.285	1.9121	0.63307	0.63307	0.32296	24.194	24.371	24.369	3.252	1.3378	1.3616e+06	0	0	0	1.2337	0.018559	0.050779	0.078618	0.28228	0.018569	0.031084	0.058937	0.18085	0.019775	0.032772	0.062435	0.19231	677.04	1097.5	936.18	1928.1	926.47	1852.4	0.00070864	1.123e+09	0.017301	0.37485	0.37485	9.5328	0.0022203	0.0010873	0.00096163	0.002607	0.0031927	0.018824	0.09184	0.068445	0.015602	0.0032219	0.04033	0.02882	0.051509	0.039625	0.00042501	-7476.4	11774	4297.2	0	0	0	-6194.2	-1897	318.07	0	0	0	-1604.3	-1922.4	0.81721	0.81903	0.80799	
0.32571	1.9039	0.63261	0.63261	0.31933	24.005	24.14	24.139	4.1099	1.3355	1.3451e+06	0	0	0	1.2198	0.017509	0.046866	0.073129	0.25743	0.016689	0.02688	0.051913	0.15563	0.017751	0.02812	0.054746	0.1641	684.07	1025	939.01	1853.1	927.34	1776.6	0.00071809	1.1082e+09	0.017375	0.37646	0.37646	9.4169	0.0022386	0.0010991	0.00097187	0.0025931	0.0031759	0.02062	0.10444	0.077483	0.016832	0.0037876	0.042979	0.029995	0.061463	0.047488	-0.00023066	-8379.7	14341	5961.7	0	0	0	-5632.2	329.56	746.88	0	0	0	-1663	-2409.9	0.81866	0.82194	0.81135	
0.36642	1.8943	0.63201	0.63201	0.31514	23.784	23.869	23.867	4.9412	1.3327	1.3257e+06	0	0	0	1.2029	0.016416	0.043438	0.068062	0.23785	0.015294	0.024033	0.046973	0.14111	0.016202	0.024582	0.048886	0.14243	705.08	1001.7	943.74	1791.3	930.59	1714	0.00072922	1.0913e+09	0.017463	0.37836	0.37836	9.2813	0.002261	0.0011133	0.00098448	0.002577	0.003156	0.022378	0.11696	0.086909	0.017965	0.0044135	0.045486	0.031319	0.071479	0.05559	0.00054874	-9509.1	17037	7528.3	0	0	0	-5015.3	2513	1383	0	0	0	-1523.9	-2906.9	0.8203	0.82509	0.81502	
0.40714	1.8833	0.63127	0.63127	0.31038	23.528	23.556	23.552	5.8372	1.3296	1.3035e+06	0	0	0	1.183	0.015452	0.040263	0.063441	0.21935	0.013981	0.021098	0.042069	0.12301	0.014817	0.021793	0.044018	0.12812	728.11	992.99	942.68	1726.2	928.23	1648.6	0.00074211	1.0723e+09	0.017565	0.38057	0.38057	9.126	0.0022878	0.0011305	0.00099975	0.0025583	0.003133	0.023914	0.12919	0.096083	0.018876	0.0050375	0.047278	0.032082	0.081909	0.064	0.0010574	-10669	19804	9135.2	0	0	0	-4350.6	4784.6	2259	0	0	0	-1136	-3395	0.82222	0.82855	0.81904	
0.44785	1.871	0.63043	0.63043	0.30505	23.236	23.2	23.196	6.8574	1.3261	1.2785e+06	0	0	0	1.1602	0.014525	0.037228	0.059016	0.2013	0.0127	0.018327	0.037376	0.10608	0.013458	0.018834	0.039021	0.1097	733.68	968.09	921.96	1637.6	906.71	1561.7	0.00075684	1.0514e+09	0.017681	0.38308	0.38308	8.9509	0.0023195	0.001151	0.0010177	0.002537	0.003107	0.025201	0.14107	0.10437	0.019518	0.0056836	0.048215	0.031687	0.092856	0.072683	4.2747e-05	-11565	22348	10783	0	0	0	-3640.9	7142	3414.1	0	0	0	-440.55	-3854.7	0.82438	0.83226	0.82337	
0.48856	1.8571	0.62944	0.62944	0.29913	22.907	22.799	22.795	7.883	1.3221	1.2506e+06	0	0	0	1.1342	0.013624	0.03442	0.054856	0.185	0.011607	0.016042	0.033453	0.092117	0.012307	0.016445	0.034905	0.094849	714.14	892.81	888.17	1537.4	872.77	1464.6	0.00077361	1.0286e+09	0.017812	0.38593	0.38593	8.7557	0.0023567	0.001175	0.0010388	0.002513	0.0030776	0.026409	0.15255	0.1127	0.020011	0.0063977	0.048685	0.031146	0.10386	0.081558	0.00015422	-11949	24553	12604	0	0	0	-2896.8	9707.2	4897.5	0	0	0	631.52	-4265.9	0.82658	0.83605	0.8278	
0.52928	1.8417	0.62824	0.62824	0.29261	22.54	22.356	22.351	8.927	1.3178	1.2199e+06	0	0	0	1.1047	0.012773	0.031921	0.05108	0.17103	0.010648	0.014114	0.030085	0.080378	0.011293	0.014441	0.031381	0.082517	696.78	841.96	849.07	1435.2	833.92	1366	0.0007927	1.0039e+09	0.017962	0.38917	0.38917	8.5405	0.0024	0.001203	0.0010635	0.0024863	0.0030448	0.02753	0.16366	0.12069	0.020385	0.0071453	0.048863	0.030364	0.11479	0.090325	-1.6447e-05	-12343	26464	14122	0	0	0	-2130.9	11991	6736.2	0	0	0	2127.2	-4609	0.82884	0.83992	0.83234	
0.56999	1.8247	0.62687	0.62687	0.2855	22.138	21.871	21.866	9.9695	1.3129	1.1865e+06	0	0	0	1.0717	0.011959	0.029638	0.047577	0.15819	0.0098044	0.012496	0.027202	0.070622	0.010398	0.012757	0.028354	0.072311	671.52	773.54	805.97	1332.8	791.69	1267.8	0.00081432	9.7722e+08	0.018128	0.39278	0.39278	8.3068	0.0024502	0.0012354	0.001092	0.002457	0.0030089	0.02859	0.17421	0.12829	0.020649	0.0079401	0.048606	0.029434	0.12561	0.098858	-0.00019648	-12421	28050	15629	0	0	0	-1356.7	14272	8943.6	0	0	0	4078.4	-4865.2	0.83126	0.84393	0.83704	
0.6107	1.806	0.62521	0.62521	0.27781	21.699	21.347	21.342	10.989	1.3076	1.1505e+06	0	0	0	1.0352	0.011179	0.027533	0.044302	0.14647	0.0090641	0.01115	0.024747	0.062611	0.0096051	0.011337	0.025744	0.063866	646.47	715.98	760.39	1232	747.49	1171.6	0.00083874	9.4877e+08	0.018316	0.39685	0.39685	8.0547	0.0025077	0.0012724	0.0011245	0.0024251	0.0029697	0.029598	0.18426	0.1355	0.020818	0.0087803	0.048009	0.028425	0.13625	0.10707	-0.00028885	-12453	29286	16833	0	0	0	-588.23	16245	11526	0	0	0	6508.8	-5017.7	0.83383	0.84802	0.84184	
0.65142	1.7857	0.62331	0.62331	0.26955	21.225	20.788	20.783	11.975	1.3019	1.1122e+06	0	0	0	0.99529	0.010433	0.025614	0.041263	0.13605	0.0084053	0.010013	0.022621	0.055958	0.0089045	0.010144	0.0235	0.056883	620.8	665.04	713.38	1134.1	701.76	1078	0.00086626	9.1863e+08	0.018525	0.40137	0.40137	7.7862	0.0025737	0.0013145	0.0011616	0.0023907	0.0029276	0.030565	0.19386	0.14218	0.020919	0.0096464	0.047217	0.027351	0.14664	0.11483	-0.00076856	-12405	30143	17738	0	0	0	160.74	17898	14462	0	0	0	9410.2	-5051.9	0.83634	0.85196	0.8465	
0.69213	1.7636	0.62109	0.62109	0.26073	20.716	20.197	20.191	12.872	1.2957	1.0716e+06	0	0	0	0.952	0.009728	0.02385	0.038442	0.12646	0.0078344	0.009116	0.020868	0.051227	0.0082975	0.0091985	0.021645	0.051856	596.16	623.85	666.54	1041.3	656.18	989	0.00089723	8.8692e+08	0.018757	0.40639	0.40639	7.5025	0.0026489	0.0013619	0.0012034	0.0023539	0.0028825	0.031543	0.20277	0.14858	0.020976	0.010567	0.046176	0.026515	0.15659	0.12207	-0.00072492	-12391	30638	18247	0	0	0	876.93	19124	17710	0	0	0	12753	-4956.4	0.83887	0.85579	0.85105	
0.73284	1.7398	0.61852	0.61852	0.2514	20.175	19.577	19.571	13.683	1.289	1.0292e+06	0	0	0	0.90555	0.0090508	0.022195	0.035771	0.11751	0.0073216	0.0083114	0.019294	0.046616	0.0077512	0.0083394	0.019966	0.046862	571.27	588.03	620.03	952.84	610.95	904.21	0.00093208	8.5376e+08	0.019013	0.41195	0.41195	7.2053	0.0027343	0.0014154	0.0012503	0.0023149	0.0028348	0.032443	0.2107	0.15426	0.020923	0.01152	0.044798	0.025393	0.1659	0.12887	-0.00079443	-12350	30789	18439	0	0	0	1548.2	19987	21216	0	0	0	16493	-4722.8	0.84145	0.85949	0.85547	
0.77356	1.7143	0.61555	0.61555	0.2416	19.605	18.931	18.925	14.402	1.2819	9.8509e+05	0	0	0	0.8561	0.0083966	0.020732	0.033327	0.10999	0.0068609	0.0076466	0.017938	0.043118	0.007264	0.0075668	0.018463	0.042542	543.35	552.99	579.72	884.52	571.58	837.94	0.00097096	8.1958e+08	0.019296	0.41809	0.41809	6.8966	0.0028316	0.0014756	0.0013032	0.0022738	0.0027844	0.03341	0.21798	0.15945	0.020889	0.012521	0.043496	0.024312	0.17449	0.13514	-0.0019468	-12331	30897	18567	0	0	0	2164.6	20731	24950	0	0	0	20603	-4346.6	0.8439	0.86292	0.8596	
0.81427	1.687	0.61214	0.61214	0.23137	19.007	18.264	18.259	14.892	1.2743	9.3962e+05	0	0	0	0.80391	0.0078042	0.019465	0.031172	0.10354	0.0064808	0.0071506	0.016872	0.040589	0.0068547	0.0069688	0.017251	0.039241	517.78	527.08	540.86	821.59	533.6	776.87	0.0010146	7.8434e+08	0.019609	0.42485	0.42485	6.5782	0.0029412	0.0015429	0.0013623	0.0022306	0.0027315	0.034513	0.22426	0.16402	0.020938	0.013575	0.042249	0.023357	0.18201	0.14066	-0.0044813	-12438	30626	18187	0	0	0	2717.5	20905	28852	0	0	0	25026	-3826.7	0.84634	0.86615	0.86352	
0.85499	1.6579	0.60822	0.60822	0.22074	18.386	17.581	17.576	14.856	1.2663	8.9316e+05	0	0	0	0.74946	0.0073444	0.018661	0.029677	0.099922	0.0062532	0.0070178	0.016398	0.040197	0.0065739	0.0066835	0.016544	0.037887	498.95	520.67	505.46	768.38	499	724.98	0.0010633	7.4843e+08	0.019952	0.4323	0.4323	6.253	0.0030637	0.0016176	0.0014279	0.0021856	0.0026765	0.03614	0.2291	0.16778	0.021446	0.014694	0.041835	0.022935	0.18727	0.14485	-0.01189	-12969	29823	16854	0	0	0	3201.2	20055	32755	0	0	0	29590	-3165.5	0.84865	0.86902	0.86705	
0.8957	1.627	0.60375	0.60375	0.20977	17.754	16.892	16.885	13.424	1.2579	8.4632e+05	0	0	0	0.69353	0.0071957	0.019056	0.02985	0.104	0.006508	0.0080316	0.017794	0.045754	0.0066542	0.0073281	0.017309	0.041904	496.82	556.96	478.4	736.7	473.09	694.13	0.0011168	7.1254e+08	0.020331	0.44051	0.44051	5.925	0.0031974	0.0016991	0.0014996	0.0021394	0.0026198	0.039259	0.23093	0.1697	0.023444	0.015815	0.044252	0.024349	0.18668	0.14536	-0.029214	-14617	27954	13338	0	0	0	3613.9	16952	36271	0	0	0	33902	-2368.8	0.85085	0.87137	0.87003	
0.93641	1.5946	0.59864	0.59864	0.19866	17.142	16.222	16.217	8.5608	1.2492	8.0071e+05	0	0	0	0.63828	0.0081376	0.023975	0.036181	0.13788	0.009515	0.013027	0.0273	0.068288	0.0094507	0.013608	0.027784	0.073073	523.02	679.02	465.54	747.62	472.19	725.84	0.0011732	6.7828e+08	0.020745	0.44948	0.44948	5.6057	0.0033333	0.0017835	0.0015735	0.0020936	0.0025636	0.046065	0.23123	0.16311	0.031088	0.014977	0.057839	0.032376	0.17339	0.13073	-0.052684	-18012	22718	4705.7	0	0	0	3962.8	8668.5	38449	0	0	0	37005	-1443.7	0.85293	0.8728	0.87205	
0.97713	1.5682	0.59289	0.59289	0.19123	16.601	15.693	15.684	-2.4928	1.2439	7.6326e+05	0	0	0	0.59159	0.0088411	0.029292	0.042554	0.18296	0.029755	0.040875	0.085507	0.20755	0.027515	0.037727	0.078999	0.19633	495.19	656.33	355.82	736.44	406.53	753.59	0.0012289	6.4757e+08	0.021094	0.45703	0.45703	5.3435	0.0034727	0.0018581	0.0016396	0.0020559	0.0025173	0.059716	0.24618	0.18247	0.045048	0.014668	0.08367	0.063758	0.16251	0.11871	0.090384	-22756	12041	-10715	0	0	0	4262.3	-6452.6	37645	0	0	0	37248	-396.9	0.85486	0.8727	0.87251	
1.0178	1.538	0.58637	0.58637	0.18262	16.057	15.149	15.136	-2.9614	1.2375	7.2451e+05	0	0	0	0.54365	0.007861	0.025972	0.037764	0.16184	0.023833	0.032087	0.067836	0.16507	0.022267	0.029889	0.063289	0.15728	448.25	569.28	344.06	686.73	386.27	696.29	0.0012888	6.1747e+08	0.021509	0.46602	0.46602	5.0723	0.0036152	0.0019364	0.0017092	0.0020168	0.0024689	0.059155	0.24337	0.1771	0.042356	0.016799	0.075712	0.05214	0.16766	0.12496	0.0020895	-21969	12041	-9927.2	0	0	0	4494	-5433.2	34915	0	0	0	35678	762.58	0.85667	0.8719	0.87223	
1.0586	1.5047	0.57904	0.57904	0.17329	15.487	14.574	14.559	-3.1854	1.2303	6.8408e+05	0	0	0	0.49391	0.0070841	0.023339	0.033966	0.14527	0.021323	0.028496	0.060481	0.1469	0.020022	0.026592	0.056625	0.14005	405.16	494.78	317.45	631.64	355.66	639.37	0.0013564	5.8666e+08	0.021985	0.47634	0.47634	4.7892	0.0037753	0.0020263	0.0017885	0.0019747	0.0024173	0.059195	0.2452	0.17981	0.04056	0.018635	0.069785	0.047992	0.17541	0.13182	0.0001389	-21014	11922	-9092.3	0	0	0	4650.8	-4441.5	32302	0	0	0	34322	2020.3	0.85837	0.87137	0.87218	
1.0993	1.469	0.57086	0.57086	0.16362	14.894	13.98	13.964	-3.3934	1.2228	6.4276e+05	0	0	0	0.44367	0.0063613	0.020893	0.030435	0.1299	0.019191	0.025509	0.054295	0.13165	0.018114	0.023847	0.051018	0.12558	364.91	428.5	290.22	578.04	325.16	584.26	0.0014333	5.5521e+08	0.022519	0.48792	0.48792	4.4999	0.0039564	0.0021269	0.0018772	0.0019307	0.0023633	0.058909	0.2459	0.18076	0.038455	0.020454	0.063513	0.043781	0.18239	0.13698	-0.00012256	-19865	11572	-8293.3	0	0	0	4734.6	-3558.7	29825	0	0	0	33184	3358.9	0.85996	0.87107	0.87232	
1.14	1.4307	0.5617	0.5617	0.15365	14.279	13.373	13.356	-3.6159	1.2148	6.0076e+05	0	0	0	0.39352	0.0056852	0.018605	0.027133	0.11553	0.017245	0.022745	0.048613	0.11751	0.016313	0.021309	0.045778	0.11219	328.12	370.78	263.77	526.52	295.65	531.34	0.0015208	5.2326e+08	0.023122	0.50097	0.50097	4.2059	0.0041608	0.0022388	0.0019758	0.0018848	0.002307	0.058545	0.24577	0.18115	0.036128	0.022418	0.057089	0.039493	0.18868	0.14165	-0.00018614	-18689	11124	-7565	0	0	0	4749.5	-2815.4	27485	0	0	0	32244	4759.5	0.86146	0.87097	0.87262	
1.1807	1.39	0.55154	0.55154	0.14346	13.645	12.753	12.736	-3.8605	1.2064	5.5843e+05	0	0	0	0.34424	0.0050525	0.016466	0.024045	0.10211	0.015384	0.020179	0.043255	0.10445	0.014609	0.018957	0.04087	0.099836	294.78	321.25	238.3	477.18	267.28	480.65	0.0016207	4.9101e+08	0.023798	0.51563	0.51563	3.9095	0.0043921	0.0023638	0.0020857	0.0018372	0.0022486	0.058109	0.24478	0.18111	0.033602	0.024507	0.050625	0.035216	0.19416	0.14589	-0.00023829	-17515	10588	-6927.6	0	0	0	4701	-2226.6	25273	0	0	0	31476	6202.6	0.8629	0.87104	0.87304	
1.2214	1.3468	0.5403	0.5403	0.13312	12.995	12.125	12.107	-4.1333	1.1977	5.1605e+05	0	0	0	0.29651	0.0044617	0.014474	0.021166	0.089627	0.013661	0.017784	0.038275	0.092272	0.013007	0.016783	0.036293	0.088447	265.1	279.79	213.94	430.42	239.7	431.55	0.0017351	4.5864e+08	0.024561	0.53216	0.53216	3.6128	0.0046537	0.0025032	0.0022081	0.0017879	0.0021882	0.05768	0.24299	0.18067	0.030921	0.026759	0.044253	0.031007	0.19873	0.14966	-0.00027501	-16396	9972.2	-6424.1	0	0	0	4595.8	-1828.3	23168	0	0	0	30837	7668.8	0.86428	0.87125	0.87355	
1.2621	1.3013	0.52793	0.52793	0.12272	12.333	11.49	11.473	-4.4387	1.1886	4.7394e+05	0	0	0	0.25108	0.0039118	0.012626	0.018494	0.078069	0.012051	0.015582	0.033658	0.081046	0.011515	0.014773	0.032046	0.077973	239.18	246.12	190.89	386.17	213.82	385.9	0.0018665	4.2635e+08	0.025421	0.55078	0.55078	3.318	0.0049501	0.002659	0.0023449	0.001737	0.0021259	0.057278	0.24043	0.17987	0.028128	0.02915	0.038098	0.026938	0.20233	0.15293	-0.00036444	-15368	9301	-6067.4	0	0	0	4441.2	-1626.2	21137	0	0	0	30276	9138.8	0.86565	0.87158	0.87415	
1.3028	1.2535	0.51439	0.51439	0.11234	11.661	10.851	10.835	-4.7872	1.1793	4.3244e+05	0	0	0	0.20864	0.0034025	0.010924	0.016027	0.067441	0.010561	0.013556	0.029398	0.070724	0.010134	0.012906	0.028106	0.068336	216.73	219.15	168.78	343.5	189.52	343.81	0.002018	3.9434e+08	0.026391	0.5718	0.5718	3.0275	0.0052864	0.0028337	0.0024981	0.0016846	0.0020617	0.057036	0.2372	0.17877	0.025288	0.031748	0.032288	0.023074	0.20492	0.1557	-0.00079564	-14452	8578.1	-5874.2	0	0	0	4245.2	-1629	19135	0	0	0	29730	10595	0.86701	0.87205	0.87484	
1.3435	1.2033	0.49959	0.49959	0.10208	10.983	10.211	10.196	-5.2297	1.1697	3.9179e+05	0	0	0	0.16975	0.0029021	0.0092746	0.013628	0.057205	0.0091486	0.011632	0.025355	0.060968	0.0088609	0.011149	0.02444	0.059298	197.91	198.26	148.99	304.35	167.04	304.41	0.0021933	3.6283e+08	0.02749	0.59562	0.59562	2.7429	0.0056698	0.0030307	0.0026707	0.0016309	0.0019959	0.056794	0.23323	0.17731	0.022249	0.034546	0.026681	0.019355	0.20655	0.15796	-0.00062803	-13695	7823.9	-5871.2	0	0	0	4015.9	-1855.4	17108	0	0	0	29128	12020	0.8684	0.87263	0.8756	
1.3843	1.1511	0.48355	0.48355	0.092019	10.303	9.5718	9.558	-5.7464	1.1599	3.5233e+05	0	0	0	0.13494	0.0024514	0.0077948	0.011472	0.04803	0.0078932	0.0099201	0.02176	0.052308	0.0077303	0.0095763	0.021172	0.051225	182.11	183.13	130.21	268.1	145.94	267.78	0.0023972	3.3196e+08	0.028737	0.62263	0.62263	2.4666	0.0061073	0.003253	0.0028653	0.0015757	0.0019285	0.056862	0.22878	0.17563	0.019316	0.037546	0.021661	0.015998	0.20712	0.15963	-0.0005558	-13081	7048.2	-6032.9	0	0	0	3760.6	-2272.2	14995	0	0	0	28394	13399	0.86986	0.87334	0.87645	
1.425	1.0969	0.46621	0.46621	0.082265	9.623	8.9367	8.9242	-6.3293	1.15	3.1432e+05	0	0	0	0.10454	0.0020567	0.0065051	0.0095902	0.040046	0.0068091	0.0084316	0.018645	0.044786	0.0067464	0.0081984	0.018318	0.04413	168.75	172.93	112.58	234.16	126.06	233.87	0.0026357	3.0192e+08	0.030156	0.65339	0.65339	2.2005	0.0066066	0.0035046	0.0030853	0.0015194	0.0018596	0.057384	0.22392	0.17377	0.016596	0.040788	0.017325	0.013059	0.2066	0.16071	-0.00053776	-12585	6253.6	-6331.4	0	0	0	3487	-2844.5	12740	0	0	0	27460	14720	0.87141	0.8742	0.87742	
1.4657	1.041	0.4476	0.4476	0.072907	8.9481	8.3078	8.2965	-6.9762	1.1401	2.7802e+05	0	0	0	0.078711	0.0017146	0.0053931	0.007965	0.03318	0.0058856	0.0071536	0.015982	0.038306	0.0058955	0.0070073	0.01585	0.037934	157.46	166.78	95.639	202.65	107.41	202.56	0.0029162	2.7288e+08	0.031777	0.6885	0.6885	1.9464	0.0071786	0.0037907	0.0033356	0.0014619	0.0017892	0.058435	0.21872	0.17174	0.014123	0.044312	0.013661	0.010533	0.20506	0.1612	-0.00048464	-12199	5463.8	-6735.6	0	0	0	3201.9	-3533.7	10293	0	0	0	26265	15971	0.87311	0.87523	0.87853	
1.5064	0.9834	0.42768	0.42768	0.064019	8.2808	7.6871	7.677	-7.6812	1.1302	2.4363e+05	0	0	0	0.057402	0.001421	0.0044436	0.0065752	0.027332	0.0051041	0.0060691	0.013725	0.032767	0.0051613	0.005993	0.013735	0.032581	147.1	162.57	79.628	172.92	89.865	173.45	0.0032482	2.4499e+08	0.033638	0.72883	0.72883	1.7057	0.0078356	0.0041178	0.0036215	0.0014032	0.0017174	0.060066	0.21333	0.16961	0.011915	0.048151	0.010628	0.0084028	0.2027	0.1612	-0.00036711	-11840	4682.7	-7157.4	0	0	0	2911.4	-4245.9	7624.9	0	0	0	24769	17144	0.87499	0.87647	0.87982	
1.5471	0.92445	0.40657	0.40657	0.055659	7.6235	7.0761	7.067	-8.4303	1.1204	2.1135e+05	0	0	0	0.040404	0.0011711	0.0036393	0.0053959	0.022389	0.0044433	0.0051567	0.011822	0.028052	0.0045265	0.0051366	0.011926	0.028018	137.46	159.28	64.64	145.66	73.474	146.36	0.0036445	2.1835e+08	0.035783	0.7753	0.7753	1.4797	0.008596	0.0044953	0.0039515	0.0013434	0.0016443	0.062336	0.20781	0.16738	0.0099719	0.052364	0.0081603	0.006637	0.19965	0.16074	-0.0001671	-11487	3939.1	-7547.9	0	0	0	2620.9	-4927	4730.4	0	0	0	22963	18232	0.87711	0.87798	0.88134	
1.5878	0.86424	0.38425	0.38425	0.047868	6.9782	6.476	6.4679	-9.2004	1.1108	1.8128e+05	0	0	0	0.027316	0.0009597	0.0029618	0.0044013	0.018233	0.0038826	0.004394	0.010218	0.02406	0.0039764	0.0044091	0.010374	0.024143	128.29	156.1	50.752	120.75	58.278	121.39	0.0041224	1.9303e+08	0.038276	0.82932	0.82932	1.2691	0.0094816	0.0049346	0.0043355	0.0012825	0.0015697	0.065314	0.20231	0.16512	0.0082816	0.057033	0.0061817	0.0051953	0.19613	0.15993	0.00011137	-11116	3252.8	-7863.1	0	0	0	2334.7	-5528.4	1623.8	0	0	0	20854	19230	0.87953	0.87981	0.88317	
1.6285	0.80312	0.36089	0.36089	0.040673	6.3459	5.8876	5.8803	-9.9587	1.1013	1.5353e+05	0	0	0	0.017642	0.00078578	0.0024052	0.0035838	0.014822	0.0034184	0.0037645	0.008892	0.020744	0.0035199	0.0038031	0.009083	0.020926	119.78	153.27	37.825	97.472	44.248	98.036	0.0047063	1.6909e+08	0.041189	0.89243	0.89243	1.0749	0.010523	0.0054516	0.0047873	0.0012202	0.0014935	0.069019	0.1969	0.16284	0.0068554	0.062164	0.0046371	0.0040428	0.19226	0.1588	0.00024743	-10740	2624	-8116	0	0	0	2056.2	-6059.8	-1672.9	0	0	0	18463	20135	0.88232	0.88205	0.88538	
1.6693	0.74135	0.33659	0.33659	0.034089	5.7273	5.3111	5.3047	-10.689	1.092	1.2818e+05	0	0	0	0.010804	0.00063987	0.0019395	0.0028993	0.01197	0.0030257	0.0032374	0.0077759	0.017947	0.0031316	0.0032905	0.0079879	0.018214	111.3	149.56	26.213	76.218	31.727	76.789	0.00543	1.4655e+08	0.044621	0.96679	0.96679	0.89735	0.011769	0.0060716	0.0053292	0.0011565	0.0014155	0.073486	0.19165	0.16055	0.005634	0.067852	0.0034275	0.0031211	0.18822	0.15743	0.00045771	-10310	2072.3	-8238.1	0	0	0	1788.5	-6449.6	-5123.8	0	0	0	15822	20946	0.88557	0.88477	0.88806	
1.71	0.6793	0.31153	0.31153	0.028118	5.1224	4.7466	4.741	-11.367	1.0828	1.0524e+05	0	0	0	0.0062157	0.00051569	0.0015432	0.0023168	0.0095453	0.0026832	0.0027877	0.0068126	0.015556	0.0027901	0.0028434	0.0070285	0.01586	102.05	143.74	16.202	57.348	20.931	58.091	0.0063438	1.2544e+08	0.048697	1.0551	1.0551	0.73681	0.013295	0.0068338	0.0059952	0.001091	0.0013354	0.078692	0.18661	0.15828	0.0045734	0.074118	0.0024797	0.0023822	0.18413	0.1559	0.00074346	-9756.2	1608.1	-8148.1	0	0	0	1533.8	-6614.3	-8658.2	0	0	0	13004	21662	0.88934	0.88805	0.89129	
1.7507	0.61741	0.28596	0.28596	0.022752	4.5307	4.194	4.189	-11.958	1.0737	84754	0	0	0	0.0033154	0.00040875	0.0012047	0.0018178	0.0074751	0.0023795	0.0023966	0.0059658	0.013477	0.0024855	0.0024482	0.0061764	0.013776	91.92	135.41	7.6826	40.992	11.872	42.023	0.0075254	1.0575e+08	0.053578	1.1609	1.1609	0.59335	0.015221	0.0077992	0.006839	0.0010235	0.0012528	0.084637	0.18183	0.15603	0.0036486	0.080988	0.0017444	0.001792	0.18009	0.15423	0.0011402	-9063.5	1233.6	-7829.9	0	0	0	1293.6	-6536.3	-12179	0	0	0	10106	22285	0.89373	0.892	0.89517	
1.7914	0.55622	0.26013	0.26013	0.017978	3.9514	3.6526	3.6483	-12.417	1.0646	66694	0	0	0	0.0016096	0.0003167	0.00091516	0.0013902	0.0057036	0.0021061	0.0020502	0.0052093	0.011632	0.0022106	0.0020966	0.0054125	0.011901	80.959	124.42	0.74719	27.021	4.4044	28.43	0.009098	8.7467e+07	0.059473	1.2886	1.2886	0.46692	0.017747	0.0090708	0.0079502	0.00095331	0.0011669	0.091254	0.17734	0.15381	0.0028432	0.088411	0.0011825	0.0013241	0.17615	0.15248	0.001676	-8233	937.06	-7295.9	0	0	0	1069.2	-6226.7	-15583	0	0	0	7233.3	22816	0.89882	0.89671	0.89979	
1.8321	0.49637	0.23441	0.23441	0.013772	3.3833	3.122	3.1183	-12.679	1.0555	51032	0	0	0	0.00069196	0.00023775	0.00066773	0.0010244	0.004188	0.0018553	0.0017378	0.0045208	0.0099616	0.0019578	0.001782	0.0047187	0.010198	69.043	110.38	-4.5292	15.532	-1.5266	17.151	0.011271	7.0605e+07	0.066644	1.444	1.444	0.35727	0.021237	0.010835	0.0094918	0.00087976	0.0010768	0.098379	0.17313	0.15163	0.0021442	0.096235	0.00076185	0.00095838	0.17237	0.15068	0.0024287	-7251.9	707.3	-6544.6	0	0	0	861.55	-5683	-18762	0	0	0	4497.5	23259	0.90467	0.90226	0.90525	
1.8728	0.43863	0.20921	0.20921	0.010106	2.825	2.6012	2.598	-12.656	1.0461	37702	0	0	0	0.00025216	0.00017054	0.00045753	0.00071333	0.0028981	0.0016212	0.0014526	0.0038845	0.0084272	0.0017201	0.0014968	0.0040769	0.0086404	56.27	93.335	-8.3186	6.2085	-5.701	8.1362	0.014428	5.5155e+07	0.075416	1.634	1.634	0.26395	0.026415	0.013459	0.011785	0.00080171	0.0009813	0.10567	0.16921	0.14952	0.0015409	0.10413	0.00045623	0.0006784	0.16875	0.14884	0.0035182	-6132.6	527.25	-5605.3	0	0	0	671.26	-4934.1	-21610	0	0	0	2008.8	23618	0.91135	0.90871	0.9116	
1.9135	0.38394	0.18502	0.18502	0.0069435	2.275	2.0893	2.0867	-12.219	1.0362	26606	0	0	0	7.2241e-05	0.00011479	0.00028315	0.00045534	0.0018238	0.001399	0.0011869	0.0032854	0.0070016	0.0014922	0.0012302	0.0034685	0.0071957	42.883	73.564	-10.606	-0.97453	-8.4604	1.107	0.019342	4.1143e+07	0.08616	1.8668	1.8668	0.18627	0.034933	0.017784	0.015564	0.00071744	0.00087815	0.11247	0.16557	0.14746	0.0010302	0.11144	0.00024489	0.00046971	0.16533	0.14699	0.0049697	-4901.4	378.33	-4523.1	0	0	0	499.09	-4024	-24031	0	0	0	-133.07	23898	0.9189	0.91609	0.91888	
1.9543	0.33332	0.16242	0.16242	0.0042403	1.7313	1.5853	1.5833	-11.199	1.0254	17599	0	0	0	1.4053e-05	7.1282e-05	0.00014645	0.00025337	0.00097619	0.0011837	0.00092847	0.002704	0.0056474	0.00127	0.00096842	0.0028735	0.0058194	29.375	51.802	-11.282	-6.2328	-9.6367	-4.0651	0.027807	2.8618e+07	0.099245	2.1503	2.1503	0.12321	0.051157	0.026022	0.022761	0.00062415	0.00076395	0.11749	0.16222	0.14551	0.00061528	0.11687	0.00011047	0.00031802	0.16211	0.14519	0.0066214	-3599.4	226.92	-3372.5	0	0	0	345.84	-3026.6	-25956	0	0	0	-1852.2	24104	0.92732	0.92443	0.92711	
1.995	0.28805	0.14208	0.14208	0.0019457	1.1921	1.0884	1.087	-9.4013	1.0135	10488	0	0	0	1.3172e-06	4.1939e-05	5.2299e-05	0.00011521	0.00038863	0.00097055	0.00064634	0.0021022	0.0042469	0.0010518	0.00068826	0.002266	0.0044297	16.685	29.719	-9.8508	-9.1458	-9.0017	-7.3644	0.045009	1.768e+07	0.11484	2.4882	2.4882	0.073424	0.090479	0.045948	0.040163	0.00051658	0.00063228	0.11842	0.15912	0.14367	0.00030751	0.11811	3.7178e-05	0.00020611	0.15909	0.14346	0.0074031	-2288.6	26.598	-2262	0	0	0	212.78	-2049.2	-27357	0	0	0	-3113.9	24243	0.93659	0.9337	0.93626	
2.0357	0.24957	0.12478	0.12478	1.4014e-06	0.65621	0.5981	0.59732	-6.7334	1	5013.8	0	0	0	1.927e-08	2.8578e-05	4.059e-06	4.6925e-05	9.06e-05	0.00077463	0.00027336	0.0014353	0.0024756	0.00085081	0.00032652	0.0016027	0.002737	6.378	11.017	-5.8784	-7.764	-5.611	-6.8804	0.093254	8.5334e+06	0.13255	2.8719	2.8719	0.035102	0.24735	0.12494	0.10912	0.00038257	0.00046825	0.11433	0.1537	0.13982	0.0001209	0.11421	7.8161e-06	0.00010436	0.15369	0.13971	1.304e-07	-1067.5	-224.27	-1291.7	0	0	0	212.78	-1079	-28257	0	0	0	-3905.9	24351	0.94674	0.94388	0.94634	
