% N=  51
%           r   D11e,m^2/s         D12e         D21e         D22e         D31e         D32e         D11D         D12D         D21D         D22D         D31D         D32D         D11T         D12T         D21T         D22T         D31T         D32T        D11He        D12He        D21He        D22He        D31He        D32He
   0.0000E+00   8.9326E-03   2.2954E-02   3.6353E-02   1.2929E-01   8.3363E+02   1.9058E+03   8.5773E-03   9.2018E-03   2.2068E-02   5.6565E-02   7.7027E+01   3.0487E+02   8.4446E-03   9.0773E-03   2.1744E-02   5.7115E-02   7.8311E+01   2.9021E+02   4.7601E-03   3.2706E-03   1.0411E-02   1.9796E-02  -3.8831E+00   1.7459E+01
   4.0898E-02   8.9715E-03   2.3014E-02   3.6471E-02   1.2947E-01   8.2699E+02   1.8838E+03   8.5717E-03   9.0573E-03   2.1915E-02   5.4292E-02   8.2188E+01   3.1464E+02   8.4395E-03   8.9344E-03   2.1594E-02   5.4949E-02   8.3472E+01   2.9964E+02   4.7609E-03   3.2724E-03   1.0414E-02   1.9813E-02  -2.7924E+00   2.0364E+01
   8.1796E-02   9.0943E-03   2.3180E-02   3.6822E-02   1.3002E-01   7.9909E+02   1.7946E+03   8.5768E-03   9.1133E-03   2.1978E-02   5.4645E-02   1.0148E+02   3.5050E+02   8.4478E-03   8.9833E-03   2.1655E-02   5.5469E-02   1.0271E+02   3.3413E+02   4.7545E-03   3.2664E-03   1.0398E-02   1.9818E-02   1.4006E+00   3.1330E+01
   1.2269E-01   9.3011E-03   2.3486E-02   3.7437E-02   1.3119E-01   7.5527E+02   1.6576E+03   8.6217E-03   9.3762E-03   2.2309E-02   5.7357E-02   1.3131E+02   4.0571E+02   8.4884E-03   9.1312E-03   2.1864E-02   5.7014E-02   1.3242E+02   3.8720E+02   4.7547E-03   3.2722E-03   1.0404E-02   1.9894E-02   7.9268E+00   4.8295E+01
   1.6359E-01   9.5647E-03   2.3852E-02   3.8199E-02   1.3254E-01   6.9614E+02   1.4777E+03   8.6598E-03   9.5143E-03   2.2504E-02   5.8186E-02   1.6945E+02   4.7546E+02   8.5360E-03   9.2605E-03   2.2064E-02   5.8154E-02   1.7029E+02   4.5409E+02   4.7541E-03   3.2781E-03   1.0409E-02   1.9982E-02   1.6414E+01   7.0068E+01
   2.0449E-01   9.8908E-03   2.4307E-02   3.9143E-02   1.3422E-01   6.2438E+02   1.2658E+03   8.7232E-03   9.6841E-03   2.2769E-02   5.9041E-02   2.1378E+02   5.5574E+02   8.6157E-03   9.4550E-03   2.2379E-02   5.9789E-02   2.1421E+02   5.3095E+02   4.7615E-03   3.2980E-03   1.0440E-02   2.0143E-02   2.6404E+01   9.5426E+01
   2.4539E-01   1.0270E-02   2.4829E-02   4.0235E-02   1.3613E-01   5.4179E+02   1.0297E+03   8.8123E-03   9.8810E-03   2.3099E-02   5.9906E-02   2.6218E+02   6.4241E+02   8.7193E-03   9.5941E-03   2.2673E-02   6.0252E-02   2.6194E+02   6.1353E+02   4.7776E-03   3.3332E-03   1.0500E-02   2.0380E-02   3.7465E+01   1.2317E+02
   2.8629E-01   1.0707E-02   2.5441E-02   4.1501E-02   1.3843E-01   4.5060E+02   7.7844E+02   8.9423E-03   1.0128E-02   2.3541E-02   6.0941E-02   3.1264E+02   7.3172E+02   8.8693E-03   9.7927E-03   2.3097E-02   6.0904E-02   3.1150E+02   6.9824E+02   4.8077E-03   3.3934E-03   1.0605E-02   2.0735E-02   4.9163E+01   1.5216E+02
   3.2719E-01   1.1200E-02   2.6155E-02   4.2955E-02   1.4119E-01   3.5257E+02   5.1913E+02   9.1235E-03   1.0438E-02   2.4124E-02   6.2227E-02   3.6328E+02   8.2014E+02   9.0777E-03   1.0074E-02   2.3690E-02   6.1878E-02   3.6104E+02   7.8172E+02   4.8557E-03   3.4858E-03   1.0769E-02   2.1240E-02   6.1090E+01   1.8132E+02
   3.6808E-01   1.1738E-02   2.6982E-02   4.4589E-02   1.4492E-01   2.4897E+02   2.5702E+02   9.3509E-03   1.0800E-02   2.4826E-02   6.3706E-02   4.1252E+02   9.0456E+02   9.3439E-03   1.0436E-02   2.4452E-02   6.3166E-02   4.0884E+02   8.6071E+02   4.9204E-03   3.6090E-03   1.0990E-02   2.1882E-02   7.2912E+01   2.0977E+02
   4.0898E-01   1.2310E-02   2.7847E-02   4.6312E-02   1.4839E-01   1.4119E+02  -2.7368E+00   9.6360E-03   1.1226E-02   2.5680E-02   6.5443E-02   4.5903E+02   9.8251E+02   9.6837E-03   1.0902E-02   2.5428E-02   6.4879E-02   4.5364E+02   9.3296E+02   5.0068E-03   3.7708E-03   1.1281E-02   2.2694E-02   8.4324E+01   2.3674E+02
   4.4988E-01   1.2835E-02   2.8755E-02   4.8007E-02   1.5238E-01   1.6718E+01  -2.6567E+02   9.9694E-03   1.1629E-02   2.6583E-02   6.6920E-02   4.9627E+02   1.0357E+03   1.0114E-02   1.1432E-02   2.6603E-02   6.6592E-02   4.8831E+02   9.7900E+02   5.1225E-03   3.9814E-03   1.1665E-02   2.3657E-02   9.5049E+01   2.5943E+02
   4.9078E-01   1.3280E-02   2.9623E-02   4.9543E-02   1.5640E-01  -1.1880E+02  -5.2481E+02   1.0336E-02   1.1993E-02   2.7497E-02   6.8146E-02   5.2558E+02   1.0686E+03   1.0628E-02   1.1995E-02   2.7938E-02   6.8260E-02   5.1441E+02   1.0039E+03   5.2673E-03   4.2273E-03   1.2128E-02   2.4709E-02   1.0511E+02   2.7880E+02
   5.3168E-01   1.3653E-02   3.0414E-02   5.0894E-02   1.6008E-01  -2.5361E+02  -7.7774E+02   1.0715E-02   1.2344E-02   2.8416E-02   6.9369E-02   5.5087E+02   1.0932E+03   1.1196E-02   1.2568E-02   2.9361E-02   6.9998E-02   5.3644E+02   1.0216E+03   5.4303E-03   4.4790E-03   1.2624E-02   2.5757E-02   1.1434E+02   2.9596E+02
   5.7257E-01   1.3939E-02   3.1120E-02   5.2029E-02   1.6338E-01  -3.8303E+02  -1.0170E+03   1.1095E-02   1.2739E-02   2.9382E-02   7.1554E-02   5.7515E+02   1.1144E+03   1.1791E-02   1.3166E-02   3.0853E-02   7.2686E-02   5.5501E+02   1.0340E+03   5.6055E-03   4.7201E-03   1.3128E-02   2.6740E-02   1.2269E+02   3.1116E+02
   6.1347E-01   1.4084E-02   3.1574E-02   5.2700E-02   1.6546E-01  -5.0304E+02  -1.2374E+03   1.1458E-02   1.3051E-02   3.0238E-02   7.2697E-02   5.9371E+02   1.1268E+03   1.2377E-02   1.3616E-02   3.2181E-02   7.4007E-02   5.7087E+02   1.0432E+03   5.7857E-03   4.9364E-03   1.3615E-02   2.7616E-02   1.3030E+02   3.2532E+02
   6.5437E-01   1.4125E-02   3.1917E-02   5.3105E-02   1.6708E-01  -6.1012E+02  -1.4340E+03   1.1803E-02   1.3371E-02   3.1076E-02   7.4023E-02   6.0844E+02   1.1332E+03   1.2940E-02   1.4007E-02   3.3416E-02   7.5388E-02   5.8626E+02   1.0542E+03   5.9656E-03   5.1196E-03   1.4068E-02   2.8384E-02   1.3657E+02   3.3643E+02
   6.9527E-01   1.4074E-02   3.2181E-02   5.3292E-02   1.6887E-01  -7.0286E+02  -1.6067E+03   1.2180E-02   1.3849E-02   3.2120E-02   7.6301E-02   6.2083E+02   1.1375E+03   1.3482E-02   1.4420E-02   3.4643E-02   7.7426E-02   5.9982E+02   1.0634E+03   6.1493E-03   5.2751E-03   1.4499E-02   2.9147E-02   1.4189E+02   3.4613E+02
   7.3617E-01   1.4245E-02   3.3194E-02   5.4562E-02   1.7435E-01  -7.8675E+02  -1.7716E+03   1.2776E-02   1.4990E-02   3.4154E-02   8.2136E-02   6.3519E+02   1.1486E+03   1.4070E-02   1.5246E-02   3.6351E-02   8.2505E-02   6.2307E+02   1.0897E+03   6.3554E-03   5.4611E-03   1.4994E-02   3.0433E-02   1.4716E+02   3.5668E+02
   7.7707E-01   1.6133E-02   4.0290E-02   6.4489E-02   2.1571E-01  -8.4662E+02  -1.9329E+03   1.5302E-02   2.0293E-02   4.3246E-02   1.0962E-01   6.5832E+02   1.1956E+03   1.5953E-02   1.9873E-02   4.3803E-02   1.0808E-01   6.5899E+02   1.1500E+03   6.9044E-03   6.6472E-03   1.7004E-02   3.7376E-02   1.5185E+02   3.6882E+02
   8.1796E-01   2.4496E-02   7.6075E-02   1.1282E-01   4.5661E-01  -9.7307E+02  -2.3941E+03   6.1905E-02   1.0086E-01   1.9372E-01   5.1952E-01   7.5583E+02   1.4618E+03   5.9448E-02   9.6642E-02   1.8581E-01   5.0034E-01   7.7113E+02   1.4396E+03   2.0632E-02   3.1552E-02   6.2501E-02   1.6269E-01   1.6168E+02   4.0689E+02
   8.5886E-01   2.1709E-02   6.6711E-02   9.9275E-02   3.9781E-01  -9.5089E+02  -2.3049E+03   5.1750E-02   8.4274E-02   1.6190E-01   4.3637E-01   7.4130E+02   1.4047E+03   4.9994E-02   8.1249E-02   1.5624E-01   4.2274E-01   7.5391E+02   1.3763E+03   1.7494E-02   2.6030E-02   5.2271E-02   1.3514E-01   1.6305E+02   4.0380E+02
   8.9976E-01   1.9081E-02   5.8194E-02   8.6814E-02   3.4555E-01  -9.1694E+02  -2.1947E+03   4.4741E-02   7.3009E-02   1.4012E-01   3.7969E-01   7.1833E+02   1.3368E+03   4.3503E-02   7.0815E-02   1.3607E-01   3.6990E-01   7.3141E+02   1.3105E+03   1.5256E-02   2.2229E-02   4.5113E-02   1.1618E-01   1.6198E+02   3.9601E+02
   9.4066E-01   1.6559E-02   5.0103E-02   7.4941E-02   2.9626E-01  -8.7262E+02  -2.0650E+03   3.8508E-02   6.2949E-02   1.2071E-01   3.2881E-01   6.9148E+02   1.2663E+03   3.7713E-02   6.1436E-02   1.1800E-01   3.2208E-01   7.0301E+02   1.2388E+03   1.3256E-02   1.8868E-02   3.8753E-02   9.9401E-02   1.5880E+02   3.8486E+02
   9.8156E-01   1.4193E-02   4.2548E-02   6.3837E-02   2.5037E-01  -8.2026E+02  -1.9213E+03   3.2823E-02   5.3650E-02   1.0288E-01   2.8144E-01   6.5678E+02   1.1835E+03   3.2408E-02   5.2689E-02   1.0130E-01   2.7722E-01   6.6904E+02   1.1598E+03   1.1445E-02   1.5827E-02   3.2994E-02   8.4165E-02   1.5354E+02   3.6961E+02
   1.0225E+00   1.2007E-02   3.5591E-02   5.3601E-02   2.0827E-01  -7.6223E+02  -1.7714E+03   2.7707E-02   4.5130E-02   8.6690E-02   2.3779E-01   6.1833E+02   1.0992E+03   2.7592E-02   4.4580E-02   8.5968E-02   2.3541E-01   6.3077E+02   1.0797E+03   9.8311E-03   1.3115E-02   2.7862E-02   7.0520E-02   1.4646E+02   3.5169E+02
   1.0634E+00   1.0024E-02   2.9255E-02   4.4291E-02   1.6995E-01  -7.0428E+02  -1.6407E+03   2.3290E-02   3.7557E-02   7.2492E-02   1.9844E-01   5.7575E+02   1.0170E+03   2.3399E-02   3.7218E-02   7.2316E-02   1.9693E-01   5.8613E+02   9.9349E+02   8.4622E-03   1.0811E-02   2.3504E-02   5.8839E-02   1.3688E+02   3.3009E+02
   1.1043E+00   8.2587E-03   2.3675E-02   3.6063E-02   1.3651E-01  -6.4100E+02  -1.4998E+03   1.9491E-02   3.0831E-02   6.0067E-02   1.6335E-01   5.3006E+02   9.3002E+02   1.9792E-02   3.0615E-02   6.0302E-02   1.6230E-01   5.3867E+02   9.0381E+02   7.3254E-03   8.8491E-03   1.9837E-02   4.8829E-02   1.2633E+02   3.0619E+02
   1.1451E+00   6.7252E-03   1.8890E-02   2.8978E-02   1.0811E-01  -5.7393E+02  -1.3512E+03   1.6311E-02   2.4958E-02   4.9423E-02   1.3256E-01   4.8267E+02   8.3961E+02   1.6840E-02   2.4865E-02   5.0125E-02   1.3213E-01   4.9061E+02   8.1470E+02   6.4302E-03   7.2094E-03   1.6855E-02   4.0456E-02   1.1530E+02   2.8106E+02
   1.1860E+00   5.3878E-03   1.4767E-02   2.2849E-02   8.3824E-02  -5.0368E+02  -1.1943E+03   1.3638E-02   1.9681E-02   4.0138E-02   1.0490E-01   4.3531E+02   7.4932E+02   1.4558E-02   1.9836E-02   4.1673E-02   1.0588E-01   4.4430E+02   7.3047E+02   5.7743E-03   5.8120E-03   1.4473E-02   3.3273E-02   1.0436E+02   2.5576E+02
   1.2269E+00   4.1275E-03   1.0891E-02   1.7082E-02   6.1090E-02  -4.2791E+02  -1.0179E+03   1.1451E-02   1.4579E-02   3.1755E-02   7.8247E-02   3.9108E+02   6.6462E+02   1.3133E-02   1.5603E-02   3.5303E-02   8.2806E-02   4.0354E+02   6.6294E+02   5.4286E-03   4.7708E-03   1.2914E-02   2.7149E-02   9.4327E+01   2.3161E+02
   1.2678E+00   2.8911E-03   7.1835E-03   1.1520E-02   3.9652E-02  -3.4460E+02  -8.1761E+02   1.0703E-02   1.2044E-02   2.8099E-02   6.1713E-02   3.5184E+02   6.0750E+02   1.2612E-02   1.5599E-02   3.4517E-02   7.6507E-02   3.5654E+02   6.0723E+02   5.1096E-03   5.0818E-03   1.2746E-02   2.7067E-02   8.3330E+01   2.0770E+02
   1.3087E+00   2.1813E-03   5.2472E-03   8.5192E-03   2.8860E-02  -2.7624E+02  -6.6584E+02   9.8051E-03   1.2656E-02   2.7364E-02   6.2613E-02   3.0573E+02   5.4760E+02   1.0213E-02   1.4876E-02   3.0196E-02   7.6666E-02   2.9815E+02   5.2435E+02   4.2431E-03   4.2955E-03   1.0660E-02   2.5335E-02   6.9497E+01   1.7839E+02
   1.3496E+00   1.9085E-03   4.5892E-03   7.4520E-03   2.5332E-02  -2.3027E+02  -5.6941E+02   8.6313E-03   1.1580E-02   2.4527E-02   5.8676E-02   2.6649E+02   4.8531E+02   8.6434E-03   1.2370E-02   2.5335E-02   6.6502E-02   2.5764E+02   4.5569E+02   3.7955E-03   3.4724E-03   9.1656E-03   2.1505E-02   5.8859E+01   1.5545E+02
   1.3905E+00   1.7516E-03   4.2517E-03   6.8790E-03   2.3588E-02  -1.9327E+02  -4.9355E+02   7.7934E-03   1.0392E-02   2.2082E-02   5.3782E-02   2.3363E+02   4.3105E+02   7.7540E-03   1.0650E-02   2.2281E-02   5.8045E-02   2.2610E+02   4.0253E+02   3.5328E-03   3.0361E-03   8.3354E-03   1.9022E-02   4.9893E+01   1.3666E+02
   1.4314E+00   1.6272E-03   3.9990E-03   6.4397E-03   2.2313E-02  -1.6079E+02  -4.2694E+02   7.1291E-03   9.4235E-03   2.0117E-02   4.9725E-02   2.0382E+02   3.8174E+02   7.0806E-03   9.3448E-03   1.9966E-02   5.1412E-02   1.9781E+02   3.5575E+02   3.3205E-03   2.7194E-03   7.7001E-03   1.7107E-02   4.1653E+01   1.1941E+02
   1.4723E+00   1.5115E-03   3.7651E-03   6.0324E-03   2.1135E-02  -1.3179E+02  -3.6641E+02   6.5491E-03   8.6285E-03   1.8452E-02   4.6394E-02   1.7578E+02   3.3543E+02   6.4874E-03   8.2409E-03   1.7972E-02   4.5902E-02   1.7127E+02   3.1228E+02   3.1233E-03   2.4357E-03   7.1206E-03   1.5420E-02   3.3965E+01   1.0314E+02
   1.5132E+00   1.3960E-03   3.5251E-03   5.6190E-03   1.9912E-02  -1.0591E+02  -3.1101E+02   6.0190E-03   7.9363E-03   1.6965E-02   4.3433E-02   1.4957E+02   2.9198E+02   5.9400E-03   7.2656E-03   1.6176E-02   4.1101E-02   1.4603E+02   2.7102E+02   2.9318E-03   2.1689E-03   6.5666E-03   1.3878E-02   2.6888E+01   8.7901E+01
   1.5541E+00   1.2769E-03   3.2683E-03   5.1837E-03   1.8584E-02  -8.2971E+01  -2.6043E+02   5.5202E-03   7.2817E-03   1.5562E-02   4.0521E-02   1.2533E+02   2.5166E+02   5.4332E-03   6.3879E-03   1.4538E-02   3.6751E-02   1.2250E+02   2.3226E+02   2.7459E-03   1.9206E-03   6.0394E-03   1.2458E-02   2.0476E+01   7.3746E+01
   1.5950E+00   1.1531E-03   2.9899E-03   4.7196E-03   1.7121E-02  -6.2857E+01  -2.1454E+02   5.0383E-03   6.6074E-03   1.4165E-02   3.7372E-02   1.0320E+02   2.1442E+02   4.9637E-03   5.5774E-03   1.3023E-02   3.2604E-02   1.0088E+02   1.9639E+02   2.5664E-03   1.6924E-03   5.5420E-03   1.1139E-02   1.4743E+01   6.0590E+01
   1.6359E+00   1.0129E-03   2.6536E-03   4.1729E-03   1.5305E-02  -4.5269E+01  -1.7248E+02   4.5912E-03   5.8994E-03   1.2786E-02   3.3799E-02   8.3086E+01   1.7987E+02   4.5550E-03   4.9000E-03   1.1732E-02   2.8873E-02   8.1430E+01   1.6382E+02   2.3991E-03   1.5072E-03   5.1059E-03   1.0020E-02   9.7858E+00   4.8711E+01
   1.6768E+00   8.6940E-04   2.2957E-03   3.5998E-03   1.3342E-02  -3.0365E+01  -1.3498E+02   4.1653E-03   5.1619E-03   1.1410E-02   2.9883E-02   6.4842E+01   1.4781E+02   4.1844E-03   4.3046E-03   1.0581E-02   2.5392E-02   6.3840E+01   1.3414E+02   2.2393E-03   1.3489E-03   4.7078E-03   9.0226E-03   5.5624E+00   3.8066E+01
   1.7177E+00   7.3128E-04   1.9405E-03   3.0374E-03   1.1373E-02  -1.8148E+01  -1.0240E+02   3.7574E-03   4.4286E-03   1.0065E-02   2.5845E-02   4.8883E+01   1.1888E+02   3.8370E-03   3.7710E-03   9.5265E-03   2.2155E-02   4.8343E+01   1.0765E+02   2.0827E-03   1.2071E-03   4.3313E-03   8.1129E-03   2.0472E+00   2.8494E+01
   1.7586E+00   5.9865E-04   1.5928E-03   2.4908E-03   9.4233E-03  -8.3145E+00  -7.4407E+01   3.3711E-03   3.7364E-03   8.7930E-03   2.1893E-02   3.4848E+01   9.2392E+01   3.5037E-03   3.3050E-03   8.5606E-03   1.9259E-02   3.5065E+01   8.4537E+01   1.9263E-03   1.0775E-03   3.9670E-03   7.2838E-03  -7.3193E-01   2.0300E+01
   1.7995E+00   4.7407E-04   1.2590E-03   1.9701E-03   7.5277E-03  -7.2983E-01  -5.0963E+01   3.0085E-03   3.1223E-03   7.6351E-03   1.8275E-02   2.2914E+01   6.9251E+01   3.1743E-03   2.9009E-03   7.6624E-03   1.6753E-02   2.3620E+01   6.4264E+01   1.7679E-03   9.5364E-04   3.6055E-03   6.5164E-03  -2.8553E+00   1.3287E+01
   1.8404E+00   3.6005E-04   9.4603E-04   1.4861E-03   5.7285E-03   4.7021E+00  -3.1960E+01   2.6679E-03   2.6079E-03   6.6097E-03   1.5197E-02   1.3345E+01   5.0038E+01   2.8410E-03   2.5401E-03   6.8015E-03   1.4610E-02   1.4109E+01   4.6973E+01   1.6067E-03   8.2759E-04   3.2376E-03   5.7762E-03  -4.3226E+00   7.5004E+00
   1.8813E+00   2.5862E-04   6.6134E-04   1.0493E-03   4.0719E-03   8.1667E+00  -1.7099E+01   2.3410E-03   2.1827E-03   5.6942E-03   1.2704E-02   5.6805E+00   3.3618E+01   2.4991E-03   2.1903E-03   5.9389E-03   1.2681E-02   6.5103E+00   3.2227E+01   1.4445E-03   6.9306E-04   2.8598E-03   5.0246E-03  -5.1530E+00   2.8555E+00
   1.9222E+00   1.7240E-04   4.1319E-04   6.7179E-04   2.6072E-03   9.8066E+00  -6.1525E+00   2.0202E-03   1.8051E-03   4.8354E-03   1.0613E-02  -5.9282E-02   2.0112E+01   2.1532E-03   1.8268E-03   5.0566E-03   1.0790E-02   6.8541E-01   1.9773E+01   1.2870E-03   5.4907E-04   2.4796E-03   4.2432E-03  -5.3521E+00  -6.1095E-01
   1.9631E+00   1.0468E-04   2.1204E-04   3.6906E-04   1.3978E-03   9.8004E+00   1.3623E+00   1.7044E-03   1.4257E-03   3.9822E-03   8.6360E-03  -3.8625E+00   8.8909E+00   1.8153E-03   1.4417E-03   4.1647E-03   8.8373E-03  -3.2739E+00   9.3300E+00   1.1428E-03   3.9798E-04   2.1121E-03   3.4392E-03  -4.8826E+00  -2.8185E+00
   2.0040E+00   5.9858E-05   7.2502E-05   1.6229E-04   5.4107E-04   8.1206E+00   5.5727E+00   1.3971E-03   9.8938E-04   3.0850E-03   6.4488E-03  -5.4512E+00   2.6750E-01   1.4965E-03   1.0242E-03   3.2690E-03   6.7542E-03  -5.1197E+00   9.8234E-01   1.0272E-03   2.4037E-04   1.7811E-03   2.6254E-03  -3.7204E+00  -3.5366E+00
   2.0449E+00   4.0737E-05   3.8510E-06   6.4957E-05   1.1993E-04   4.6196E+00   5.4804E+00   1.1263E-03   4.0545E-04   2.0950E-03   3.5916E-03  -4.1726E+00  -3.7276E+00   1.2252E-03   4.8750E-04   2.3252E-03   4.1268E-03  -4.1265E+00  -3.4318E+00   9.8826E-04   7.5186E-05   1.5576E-03   1.8477E-03  -1.9169E+00  -2.5229E+00
