% N=  51
%           r   D11e,m^2/s         D12e         D21e         D22e         D31e         D32e         D11D         D12D         D21D         D22D         D31D         D32D         D11T         D12T         D21T         D22T         D31T         D32T        D11He        D12He        D21He        D22He        D31He        D32He
   0.0000E+00   6.7080E-03   1.4636E-02   2.4698E-02   7.5216E-02   7.5166E-01  -2.3072E+01   3.4232E-03   4.7836E-04   5.6131E-03   6.8714E-03   2.6052E+00   7.1713E+00   3.6191E-03   4.4034E-04   5.8690E-03   7.0235E-03   2.4984E+00   6.9154E+00   3.1910E-03   2.1606E-04   5.0026E-03   5.6120E-03   3.2810E-01   1.0464E+00
   3.0774E-02   6.6912E-03   1.4608E-02   2.4645E-02   7.5080E-02   1.1685E+00  -2.2576E+01   3.4252E-03   4.8221E-04   5.6201E-03   6.8874E-03   2.6534E+00   7.3273E+00   3.6208E-03   4.4351E-04   5.8748E-03   7.0365E-03   2.5559E+00   7.0766E+00   3.1913E-03   2.1756E-04   5.0045E-03   5.6188E-03   3.3125E-01   1.0642E+00
   6.1548E-02   6.6388E-03   1.4541E-02   2.4499E-02   7.4790E-02   2.8703E+00  -2.0403E+01   3.4392E-03   5.0450E-04   5.6633E-03   6.9853E-03   2.8515E+00   7.9443E+00   3.6293E-03   4.6092E-04   5.9049E-03   7.1069E-03   2.7824E+00   7.7053E+00   3.1944E-03   2.2786E-04   5.0194E-03   5.6626E-03   3.4649E-01   1.1413E+00
   9.2321E-02   6.5614E-03   1.4449E-02   2.4291E-02   7.4417E-02   5.5106E+00  -1.7031E+01   3.4626E-03   5.4165E-04   5.7355E-03   7.1485E-03   3.1817E+00   8.9468E+00   3.6433E-03   4.8983E-04   5.9548E-03   7.2238E-03   3.1631E+00   8.7419E+00   3.1995E-03   2.4509E-04   5.0444E-03   5.7355E-03   3.7582E-01   1.2722E+00
   1.2310E-01   6.4636E-03   1.4338E-02   2.4034E-02   7.3986E-02   8.9490E+00  -1.2563E+01   3.4957E-03   5.9403E-04   5.8376E-03   7.3796E-03   3.6352E+00   1.0295E+01   3.6633E-03   5.3051E-04   6.0255E-03   7.3890E-03   3.6933E+00   1.0163E+01   3.2070E-03   2.6936E-04   5.0799E-03   5.8382E-03   4.2070E-01   1.4544E+00
   1.5387E-01   6.3527E-03   1.4223E-02   2.3752E-02   7.3567E-02   1.3073E+01  -7.0368E+00   3.5398E-03   6.6333E-04   5.9730E-03   7.6868E-03   4.1975E+00   1.1939E+01   3.6901E-03   5.8426E-04   6.1194E-03   7.6092E-03   4.3613E+00   1.1930E+01   3.2172E-03   3.0138E-04   5.1272E-03   5.9738E-03   4.8127E-01   1.6820E+00
   1.8464E-01   6.2766E-03   1.4204E-02   2.3619E-02   7.3567E-02   1.7804E+01  -3.5220E-01   3.5974E-03   7.5292E-04   6.1490E-03   8.0867E-03   4.8496E+00   1.3820E+01   3.7258E-03   6.5377E-04   6.2425E-03   7.8975E-03   5.1455E+00   1.3986E+01   3.2310E-03   3.4277E-04   5.1893E-03   6.1493E-03   5.5622E-01   1.9463E+00
   2.1542E-01   6.1775E-03   1.4175E-02   2.3442E-02   7.3727E-02   2.3288E+01   8.0853E+00   3.6798E-03   8.7645E-04   6.3961E-03   8.6441E-03   5.5675E+00   1.5879E+01   3.7776E-03   7.4984E-04   6.4163E-03   8.3024E-03   6.0087E+00   1.6254E+01   3.2528E-03   4.0046E-04   5.2797E-03   6.3951E-03   6.4269E-01   2.2361E+00
   2.4619E-01   6.1588E-03   1.4371E-02   2.3610E-02   7.5102E-02   2.9896E+01   1.9543E+01   3.8092E-03   1.0611E-03   6.7749E-03   9.4882E-03   6.3188E+00   1.8062E+01   3.8622E-03   8.9528E-04   6.6885E-03   8.9303E-03   6.8999E+00   1.8644E+01   3.2918E-03   4.8740E-04   5.4251E-03   6.7708E-03   7.3608E-01   2.5309E+00
   2.7696E-01   6.2725E-03   1.5020E-02   2.4429E-02   7.9175E-02   3.8189E+01   3.5735E+01   4.0569E-03   1.3936E-03   7.4791E-03   1.1024E-02   7.1015E+00   2.0405E+01   4.0377E-03   1.1607E-03   7.2173E-03   1.0124E-02   7.7351E+00   2.1022E+01   3.3757E-03   6.4495E-04   5.7086E-03   7.4682E-03   8.3219E-01   2.8108E+00
   3.0774E-01   6.7255E-03   1.6889E-02   2.6978E-02   9.0673E-02   5.1226E+01   6.8179E+01   4.6983E-03   2.2150E-03   9.2624E-03   1.4824E-02   8.0419E+00   2.3333E+01   4.5416E-03   1.8390E-03   8.6515E-03   1.3276E-02   8.4697E+00   2.3510E+01   3.6106E-03   1.0343E-03   6.4502E-03   9.2561E-03   9.5119E-01   3.1060E+00
   3.3851E-01   8.3590E-03   2.3401E-02   3.5939E-02   1.3197E-01   8.2273E+01   1.6550E+02   7.7248E-03   6.1668E-03   1.7754E-02   3.3135E-02   9.8600E+00   2.8023E+01   7.1182E-03   5.1225E-03   1.5800E-02   2.8557E-02   1.0064E+01   2.8326E+01   4.7035E-03   2.8373E-03   9.8926E-03   1.7764E-02   1.3980E+00   3.8365E+00
   3.6929E-01   1.1158E-02   3.7064E-02   5.3800E-02   2.3184E-01   1.1845E+02   3.3540E+02   5.0633E-02   7.8295E-02   1.5424E-01   3.7978E-01   2.1056E+01   5.0670E+01   4.7214E-02   6.9632E-02   1.4045E-01   3.3591E-01   2.0011E+01   4.5420E+01   1.6830E-02   2.6551E-02   5.1796E-02   1.3727E-01   2.6614E+00   1.1137E+01
   4.0006E-01   1.1108E-02   3.6609E-02   5.3271E-02   2.2779E-01   1.1637E+02   3.2728E+02   4.3759E-02   6.5706E-02   1.3135E-01   3.1819E-01   2.3558E+01   5.4779E+01   4.0672E-02   5.8119E-02   1.1913E-01   2.7999E-01   2.2149E+01   4.9760E+01   1.5066E-02   2.2832E-02   4.5431E-02   1.1819E-01   3.5822E+00   1.2494E+01
   4.3083E-01   1.1149E-02   3.6611E-02   5.3335E-02   2.2729E-01   1.1343E+02   3.1786E+02   4.1950E-02   6.2478E-02   1.2540E-01   3.0258E-01   2.6934E+01   6.1748E+01   3.8915E-02   5.5198E-02   1.1357E-01   2.6603E-01   2.5296E+01   5.6224E+01   1.4606E-02   2.1856E-02   4.3765E-02   1.1317E-01   4.2944E+00   1.4250E+01
   4.6161E-01   1.1210E-02   3.6721E-02   5.3536E-02   2.2767E-01   1.1065E+02   3.1128E+02   4.1288E-02   6.1288E-02   1.2322E-01   2.9692E-01   3.0636E+01   6.9570E+01   3.8253E-02   5.4135E-02   1.1151E-01   2.6105E-01   2.8792E+01   6.3299E+01   1.4447E-02   2.1505E-02   4.3175E-02   1.1132E-01   5.0137E+00   1.6156E+01
   4.9238E-01   1.1243E-02   3.6752E-02   5.3616E-02   2.2761E-01   1.0730E+02   3.0263E+02   4.0818E-02   6.0449E-02   1.2168E-01   2.9294E-01   3.4410E+01   7.7551E+01   3.7778E-02   5.3391E-02   1.1006E-01   2.5759E-01   3.2374E+01   7.0472E+01   1.4329E-02   2.1245E-02   4.2739E-02   1.0995E-01   5.7304E+00   1.8099E+01
   5.2315E-01   1.1207E-02   3.6556E-02   5.3367E-02   2.2615E-01   1.0356E+02   2.9245E+02   4.0168E-02   5.9332E-02   1.1958E-01   2.8761E-01   3.8079E+01   8.5240E+01   3.7144E-02   5.2392E-02   1.0811E-01   2.5286E-01   3.5861E+01   7.7383E+01   1.4147E-02   2.0878E-02   4.2099E-02   1.0806E-01   6.4384E+00   1.9996E+01
   5.5393E-01   1.1074E-02   3.6029E-02   5.2640E-02   2.2262E-01   9.9732E+01   2.8152E+02   3.9154E-02   5.7642E-02   1.1637E-01   2.7948E-01   4.1602E+01   9.2474E+01   3.6184E-02   5.0887E-02   1.0516E-01   2.4572E-01   3.9195E+01   8.3908E+01   1.3850E-02   2.0313E-02   4.1088E-02   1.0519E-01   7.1488E+00   2.1832E+01
   5.8470E-01   1.0412E-02   3.3753E-02   4.9371E-02   2.0828E-01   9.7633E+01   2.7427E+02   3.6650E-02   5.3765E-02   1.0874E-01   2.6093E-01   4.3947E+01   9.6565E+01   3.3930E-02   4.7495E-02   9.8390E-02   2.2962E-01   4.1305E+01   8.7707E+01   1.3075E-02   1.8952E-02   3.8564E-02   9.8442E-02   7.7756E+00   2.3133E+01
   6.1548E-01   9.6649E-03   3.1203E-02   4.5700E-02   1.9227E-01   9.5453E+01   2.6671E+02   3.3953E-02   4.9519E-02   1.0045E-01   2.4055E-01   4.5895E+01   9.9730E+01   3.1455E-02   4.3773E-02   9.0955E-02   2.1201E-01   4.3017E+01   9.0706E+01   1.2209E-02   1.7412E-02   3.5725E-02   9.0826E-02   8.3531E+00   2.4235E+01
   6.4625E-01   8.8588E-03   2.8479E-02   4.1767E-02   1.7522E-01   9.3060E+01   2.5834E+02   3.1079E-02   4.5039E-02   9.1658E-02   2.1908E-01   4.7253E+01   1.0177E+02   2.8868E-02   3.9886E-02   8.3188E-02   1.9375E-01   4.4196E+01   9.2679E+01   1.1319E-02   1.5849E-02   3.2827E-02   8.3013E-02   8.8305E+00   2.5033E+01
   6.7702E-01   8.0228E-03   2.5680E-02   3.7714E-02   1.5778E-01   9.0423E+01   2.4929E+02   2.8194E-02   4.0534E-02   8.2825E-02   1.9748E-01   4.8081E+01   1.0266E+02   2.6261E-02   3.5921E-02   7.5313E-02   1.7495E-01   4.4859E+01   9.3652E+01   1.0415E-02   1.4242E-02   2.9864E-02   7.5031E-02   9.1801E+00   2.5503E+01
   7.0780E-01   7.1816E-03   2.2889E-02   3.3661E-02   1.4046E-01   8.7524E+01   2.3965E+02   2.5429E-02   3.6169E-02   7.4312E-02   1.7648E-01   4.8312E+01   1.0246E+02   2.3704E-02   3.1978E-02   6.7535E-02   1.5614E-01   4.5030E+01   9.3641E+01   9.5486E-03   1.2723E-02   2.7046E-02   6.7448E-02   9.3938E+00   2.5618E+01
   7.3857E-01   6.3559E-03   2.0171E-02   2.9705E-02   1.2366E-01   8.4338E+01   2.2946E+02   2.2722E-02   3.1943E-02   6.6026E-02   1.5635E-01   4.7937E+01   1.0121E+02   2.1238E-02   2.8179E-02   6.0035E-02   1.3793E-01   4.4729E+01   9.2688E+01   8.7012E-03   1.1224E-02   2.4276E-02   5.9964E-02   9.4654E+00   2.5385E+01
   7.6934E-01   5.5597E-03   1.7574E-02   2.5913E-02   1.0767E-01   8.0969E+01   2.1910E+02   2.0155E-02   2.7912E-02   5.8145E-02   1.3713E-01   4.6990E+01   9.8893E+01   1.8902E-02   2.4569E-02   5.2921E-02   1.2065E-01   4.3971E+01   9.0803E+01   7.9063E-03   9.8064E-03   2.1666E-02   5.2876E-02   9.4012E+00   2.4815E+01
   8.0012E-01   4.7724E-03   1.5048E-02   2.2207E-02   9.2236E-02   7.8086E+01   2.1060E+02   1.7706E-02   2.4029E-02   5.0589E-02   1.1841E-01   4.5314E+01   9.5060E+01   1.6668E-02   2.1084E-02   4.6086E-02   1.0400E-01   4.2560E+01   8.7534E+01   7.1496E-03   8.4626E-03   1.9187E-02   4.6142E-02   9.1911E+00   2.3871E+01
   8.3089E-01   4.0618E-03   1.2772E-02   1.8865E-02   7.8344E-02   7.4583E+01   2.0053E+02   1.5500E-02   2.0531E-02   4.3781E-02   1.0158E-01   4.3325E+01   9.0659E+01   1.4643E-02   1.7973E-02   3.9938E-02   8.9112E-02   4.0836E+01   8.3775E+01   6.4673E-03   7.2489E-03   1.6950E-02   4.0056E-02   8.9018E+00   2.2778E+01
   8.6167E-01   3.4351E-03   1.0764E-02   1.5917E-02   6.6087E-02   6.9980E+01   1.8757E+02   1.3556E-02   1.7452E-02   3.7786E-02   8.6768E-02   4.1160E+01   8.5928E+01   1.2881E-02   1.5257E-02   3.4579E-02   7.6136E-02   3.8852E+01   7.9650E+01   5.8657E-03   6.1780E-03   1.4977E-02   3.4674E-02   8.5448E+00   2.1618E+01
   8.9244E-01   2.8923E-03   9.0215E-03   1.3360E-02   5.5445E-02   6.4475E+01   1.7201E+02   1.1867E-02   1.4780E-02   3.2580E-02   7.3927E-02   3.8853E+01   8.1008E+01   1.1386E-02   1.2941E-02   3.0021E-02   6.5062E-02   3.6655E+01   7.5228E+01   5.3455E-03   5.2530E-03   1.3271E-02   2.9996E-02   8.1244E+00   2.0404E+01
   9.2321E-01   2.4304E-03   7.5342E-03   1.1180E-02   4.6345E-02   5.9196E+01   1.5720E+02   1.0419E-02   1.2494E-02   2.8123E-02   6.2955E-02   3.6447E+01   7.6008E+01   1.0121E-02   1.1012E-02   2.6193E-02   5.5793E-02   3.4282E+01   7.0559E+01   4.8924E-03   4.4635E-03   1.1802E-02   2.5973E-02   7.6495E+00   1.9130E+01
   9.5399E-01   2.0432E-03   6.2822E-03   9.3470E-03   3.8665E-02   5.3951E+01   1.4277E+02   9.1930E-03   1.0560E-02   2.4349E-02   5.3656E-02   3.3947E+01   7.0954E+01   9.0564E-03   9.4445E-03   2.3029E-02   4.8196E-02   3.1782E+01   6.5722E+01   4.5021E-03   3.8084E-03   1.0562E-02   2.2589E-02   7.1175E+00   1.7798E+01
   9.8476E-01   1.7226E-03   5.2398E-03   7.8237E-03   3.2247E-02   4.8765E+01   1.2868E+02   8.1555E-03   8.9434E-03   2.1177E-02   4.5830E-02   3.1354E+01   6.5829E+01   8.1554E-03   8.1875E-03   2.0421E-02   4.2032E-02   2.9194E+01   6.0760E+01   4.1586E-03   3.2657E-03   9.5036E-03   1.9762E-02   6.5334E+00   1.6402E+01
   1.0155E+00   1.4860E-03   4.4475E-03   6.6766E-03   2.7286E-02   4.3634E+01   1.1417E+02   7.3856E-03   7.7756E-03   1.8854E-02   3.9935E-02   2.8793E+01   6.1142E+01   7.4956E-03   7.4424E-03   1.8686E-02   3.8230E-02   2.6672E+01   5.6367E+01   3.8738E-03   2.8906E-03   8.7013E-03   1.7785E-02   5.9051E+00   1.4974E+01
   1.0463E+00   1.2936E-03   3.7986E-03   5.7389E-03   2.3205E-02   3.8585E+01   1.0000E+02   6.7437E-03   6.9540E-03   1.7070E-02   3.5732E-02   2.6126E+01   5.6368E+01   6.8628E-03   6.9027E-03   1.7197E-02   3.5623E-02   2.4065E+01   5.1819E+01   3.6016E-03   2.5719E-03   7.9743E-03   1.6180E-02   5.2412E+00   1.3473E+01
   1.0771E+00   1.1342E-03   3.2637E-03   4.9649E-03   1.9846E-02   3.3822E+01   8.6844E+01   6.1790E-03   6.3711E-03   1.5640E-02   3.2837E-02   2.3469E+01   5.1542E+01   6.2388E-03   6.4186E-03   1.5777E-02   3.3578E-02   2.1464E+01   4.7117E+01   3.3318E-03   2.2598E-03   7.2575E-03   1.4693E-02   4.5892E+00   1.1978E+01
   1.1079E+00   1.0030E-03   2.8281E-03   4.3326E-03   1.7122E-02   2.9377E+01   7.4971E+01   5.6579E-03   5.9174E-03   1.4404E-02   3.0745E-02   2.0951E+01   4.6832E+01   5.6417E-03   5.9192E-03   1.4382E-02   3.1656E-02   1.9005E+01   4.2426E+01   3.0815E-03   1.9617E-03   6.5839E-03   1.3273E-02   3.9854E+00   1.0579E+01
   1.1386E+00   8.9505E-04   2.4744E-03   3.8170E-03   1.4925E-02   2.5212E+01   6.4151E+01   5.1798E-03   5.5033E-03   1.3273E-02   2.8962E-02   1.8647E+01   4.2362E+01   5.0931E-03   5.3883E-03   1.3028E-02   2.9586E-02   1.6770E+01   3.7931E+01   2.8528E-03   1.6825E-03   5.9618E-03   1.1911E-02   3.4480E+00   9.3288E+00
   1.1694E+00   8.0594E-04   2.1874E-03   3.3963E-03   1.3157E-02   2.1266E+01   5.3983E+01   4.7327E-03   5.0811E-03   1.2180E-02   2.7159E-02   1.6562E+01   3.8158E+01   4.6058E-03   4.8477E-03   1.1756E-02   2.7324E-02   1.4793E+01   3.3759E+01   2.6502E-03   1.4376E-03   5.4129E-03   1.0657E-02   2.9735E+00   8.2277E+00
   1.2002E+00   7.3054E-04   1.9494E-03   3.0452E-03   1.1707E-02   1.7596E+01   4.4657E+01   4.3168E-03   4.6329E-03   1.1108E-02   2.5173E-02   1.4674E+01   3.4217E+01   4.1744E-03   4.3134E-03   1.0575E-02   2.4892E-02   1.3052E+01   2.9956E+01   2.4676E-03   1.2236E-03   4.9250E-03   9.5102E-03   2.5486E+00   7.2517E+00
   1.2310E+00   6.6345E-04   1.7450E-03   2.7402E-03   1.0482E-02   1.4115E+01   3.5917E+01   3.9019E-03   4.0755E-03   9.9284E-03   2.2547E-02   1.2942E+01   3.0438E+01   3.7807E-03   3.7383E-03   9.4094E-03   2.1982E-02   1.1530E+01   2.6493E+01   2.3018E-03   1.0319E-03   4.4845E-03   8.4127E-03   2.1687E+00   6.3830E+00
   1.2617E+00   6.0150E-04   1.5577E-03   2.4600E-03   9.3681E-03   1.0950E+01   2.7893E+01   3.4809E-03   3.4518E-03   8.6731E-03   1.9542E-02   1.1253E+01   2.6692E+01   3.3974E-03   3.1320E-03   8.2281E-03   1.8793E-02   1.0081E+01   2.3158E+01   2.1424E-03   8.4807E-04   4.0617E-03   7.3209E-03   1.8121E+00   5.5388E+00
   1.2925E+00   5.4167E-04   1.3744E-03   2.1869E-03   8.2698E-03   8.2556E+00   2.1079E+01   3.0220E-03   2.7401E-03   7.2731E-03   1.6125E-02   9.4555E+00   2.2640E+01   2.9839E-03   2.4432E-03   6.9190E-03   1.5169E-02   8.5330E+00   1.9556E+01   1.9779E-03   6.4953E-04   3.6164E-03   6.1303E-03   1.4694E+00   4.6411E+00
   1.3233E+00   4.7761E-04   1.1696E-03   1.8861E-03   7.0062E-03   6.0657E+00   1.5592E+01   2.4934E-03   1.8541E-03   5.5942E-03   1.1825E-02   7.4093E+00   1.7765E+01   2.5172E-03   1.6163E-03   5.3921E-03   1.0773E-02   6.7507E+00   1.5234E+01   1.8017E-03   4.2444E-04   3.1270E-03   4.7730E-03   1.1511E+00   3.6521E+00
   1.3540E+00   4.0369E-04   9.3210E-04   1.5376E-03   5.5202E-03   4.3947E+00   1.1273E+01   1.9816E-03   9.2636E-04   3.8988E-03   7.0101E-03   5.2446E+00   1.2149E+01   2.0841E-03   8.5961E-04   3.9858E-03   6.6277E-03   4.9170E+00   1.0628E+01   1.6312E-03   2.1893E-04   2.6657E-03   3.5220E-03   8.7488E-01   2.6653E+00
   1.3848E+00   3.1656E-04   6.6479E-04   1.1396E-03   3.8724E-03   3.3490E+00   8.2714E+00   1.6574E-03   4.0641E-04   2.8925E-03   4.1863E-03   3.5758E+00   8.0583E+00   1.8111E-03   4.7356E-04   3.1902E-03   4.5413E-03   3.5252E+00   7.9418E+00   1.4995E-03   9.8374E-05   2.3476E-03   2.7452E-03   6.1681E-01   1.8471E+00
   1.4156E+00   2.2889E-04   4.2317E-04   7.6650E-04   2.4176E-03   2.5546E+00   5.5922E+00   1.4907E-03   2.3700E-04   2.4731E-03   3.2520E-03   2.4121E+00   5.8960E+00   1.6547E-03   3.4076E-04   2.8228E-03   3.8574E-03   2.4645E+00   5.8804E+00   1.4032E-03   4.5017E-05   2.1499E-03   2.3719E-03   3.5520E-01   1.1764E+00
   1.4464E+00   1.5405E-04   2.4009E-04   4.7117E-04   1.3846E-03   1.8453E+00   3.3780E+00   1.3880E-03   1.2496E-04   2.2070E-03   2.7561E-03   1.6750E+00   4.1387E+00   1.6386E-03   1.8036E-04   2.6382E-03   3.2482E-03   2.4488E+00   5.3689E+00   1.3569E-03   2.9582E-06   2.0383E-03   2.0722E-03   2.1321E-01   8.3920E-01
   1.4771E+00   1.0206E-04   1.2191E-04   2.7500E-04   7.4694E-04   1.1855E+00   1.7854E+00   1.4905E-03   8.4981E-05   2.3207E-03   2.4047E-03   2.4633E+00   5.6205E+00   1.9649E-03   4.6114E-04   3.4085E-03   3.8445E-03   4.9010E+00   1.1877E+01   1.4139E-03   1.4054E-04   2.2614E-03   2.4173E-03   3.4705E-01   1.2493E+00
   1.5079E+00   6.9166E-05   4.8831E-05   1.5258E-04   3.8307E-04   6.9967E-01   1.1187E+00   1.6393E-03   5.8756E-04   3.0465E-03   4.2391E-03   2.6043E+00   9.5358E+00   1.8912E-03   1.0165E-03   3.8533E-03   6.5543E-03   1.4832E+00   1.0789E+01   1.3367E-03   2.6101E-04   2.2661E-03   3.1383E-03  -1.1008E-01   7.8207E-01
   1.5387E+00   5.3468E-05  -8.2934E-07   7.9373E-05   1.2782E-04   2.8639E-01   5.3330E-01   1.4080E-03   3.0738E-04   2.4194E-03   3.5425E-03  -1.5149E+00  -1.4147E+00   1.6100E-03   5.0397E-04   2.9190E-03   4.2854E-03  -2.8011E+00  -5.5163E+00   1.2948E-03   8.9455E-05   2.0316E-03   2.3138E-03  -4.3331E-01  -1.0354E+00
