% N=  51
%           r   D11e,m^2/s         D12e         D21e         D22e         D31e         D32e         D11D         D12D         D21D         D22D         D31D         D32D         D11T         D12T         D21T         D22T         D31T         D32T        D11He        D12He        D21He        D22He        D31He        D32He
   0.0000E+00   9.5069E-03   1.8687E-02   3.2948E-02   9.4503E-02  -1.5552E+01  -6.8374E+01   3.3891E-03   4.6026E-04   5.5439E-03   7.2097E-03   5.0156E+00   1.3508E+01   3.7892E-03   4.6134E-04   6.1451E-03   7.9802E-03   5.2899E+00   1.3155E+01   3.1832E-03   1.7491E-04   4.9497E-03   5.4787E-03   7.5184E-01   1.9527E+00
   3.0774E-02   9.4856E-03   1.8650E-02   3.2879E-02   9.4269E-02  -1.5180E+01  -6.8246E+01   3.3909E-03   4.5971E-04   5.5460E-03   7.1561E-03   5.1310E+00   1.3821E+01   3.7905E-03   4.6025E-04   6.1461E-03   7.9229E-03   5.3981E+00   1.3421E+01   3.1835E-03   1.7646E-04   4.9518E-03   5.4854E-03   7.6761E-01   2.0017E+00
   6.1548E-02   9.4135E-03   1.8543E-02   3.2663E-02   9.3598E-02  -1.3718E+01  -6.7741E+01   3.3988E-03   4.7470E-04   5.5728E-03   7.2194E-03   5.5802E+00   1.5022E+01   3.7938E-03   4.7418E-04   6.1649E-03   7.9788E-03   5.8245E+00   1.4485E+01   3.1840E-03   1.8387E-04   4.9599E-03   5.5137E-03   8.2986E-01   2.1973E+00
   9.2321E-02   9.3173E-03   1.8425E-02   3.2401E-02   9.2846E-02  -1.1468E+01  -6.7282E+01   3.4111E-03   4.9840E-04   5.6151E-03   7.3126E-03   6.3266E+00   1.6978E+01   3.7985E-03   4.9550E-04   6.1933E-03   8.0466E-03   6.5448E+00   1.6251E+01   3.1845E-03   1.9587E-04   4.9726E-03   5.5590E-03   9.3820E-01   2.5265E+00
   1.2310E-01   9.1734E-03   1.8219E-02   3.1979E-02   9.1723E-02  -8.7651E+00  -6.6975E+01   3.4278E-03   5.2983E-04   5.6716E-03   7.4193E-03   7.3576E+00   1.9632E+01   3.8042E-03   5.2334E-04   6.2297E-03   8.1110E-03   7.5557E+00   1.8692E+01   3.1849E-03   2.1245E-04   4.9897E-03   5.6209E-03   1.0935E+00   2.9866E+00
   1.5387E-01   9.0025E-03   1.7979E-02   3.1482E-02   9.0497E-02  -5.7121E+00  -6.7027E+01   3.4482E-03   5.6925E-04   5.7416E-03   7.5574E-03   8.6515E+00   2.2908E+01   3.8110E-03   5.5821E-04   6.2747E-03   8.1964E-03   8.8462E+00   2.1761E+01   3.1850E-03   2.3295E-04   5.0104E-03   5.6972E-03   1.2950E+00   3.5698E+00
   1.8464E-01   8.8115E-03   1.7714E-02   3.0931E-02   8.9217E-02  -2.4548E+00  -6.7525E+01   3.4721E-03   6.1633E-04   5.8245E-03   7.7265E-03   1.0177E+01   2.6712E+01   3.8188E-03   6.0011E-04   6.3284E-03   8.3091E-03   1.0396E+01   2.5401E+01   3.1849E-03   2.5709E-04   5.0344E-03   5.7868E-03   1.5399E+00   4.2636E+00
   2.1542E-01   8.6078E-03   1.7436E-02   3.0348E-02   8.7929E-02   8.8559E-01  -6.8494E+01   3.4995E-03   6.7042E-04   5.9196E-03   7.9215E-03   1.1895E+01   3.0936E+01   3.8280E-03   6.4825E-04   6.3903E-03   8.4442E-03   1.2178E+01   2.9541E+01   3.1847E-03   2.8461E-04   5.0616E-03   5.8891E-03   1.8237E+00   5.0511E+00
   2.4619E-01   8.3956E-03   1.7148E-02   2.9741E-02   8.6625E-02   4.2169E+00  -6.9859E+01   3.5303E-03   7.3093E-04   6.0264E-03   8.1442E-03   1.3759E+01   3.5454E+01   3.8390E-03   7.0130E-04   6.4598E-03   8.5924E-03   1.4155E+01   3.4089E+01   3.1848E-03   3.1504E-04   5.0923E-03   6.0032E-03   2.1401E+00   5.9109E+00
   2.7696E-01   8.1807E-03   1.6856E-02   2.9127E-02   8.5325E-02   7.5132E+00  -7.1061E+01   3.5645E-03   7.9823E-04   6.1450E-03   8.3982E-03   1.5717E+01   4.0137E+01   3.8517E-03   7.5847E-04   6.5361E-03   8.7584E-03   1.6287E+01   3.8941E+01   3.1853E-03   3.4776E-04   5.1257E-03   6.1267E-03   2.4825E+00   6.8198E+00
   3.0774E-01   7.9671E-03   1.6562E-02   2.8513E-02   8.4023E-02   1.0588E+01  -7.2696E+01   3.6017E-03   8.7131E-04   6.2738E-03   8.6812E-03   1.7717E+01   4.4851E+01   3.8667E-03   8.1916E-04   6.6193E-03   8.9429E-03   1.8523E+01   4.3974E+01   3.1864E-03   3.8198E-04   5.1615E-03   6.2574E-03   2.8435E+00   7.7536E+00
   3.3851E-01   7.8186E-03   1.6364E-02   2.8092E-02   8.3140E-02   1.1667E+01  -7.7744E+01   3.6306E-03   9.3045E-04   6.3763E-03   8.8971E-03   1.9887E+01   4.9652E+01   3.8762E-03   8.7101E-04   6.6854E-03   9.0923E-03   2.1072E+01   4.9433E+01   3.1855E-03   4.1011E-04   5.1883E-03   6.3631E-03   3.2865E+00   8.7986E+00
   3.6929E-01   7.7185E-03   1.6230E-02   2.7808E-02   8.2532E-02   1.1264E+01  -8.4849E+01   3.6511E-03   9.7463E-04   6.4512E-03   9.0412E-03   2.2116E+01   5.4368E+01   3.8799E-03   9.1233E-04   6.7321E-03   9.2004E-03   2.3734E+01   5.4949E+01   3.1827E-03   4.3228E-04   5.2063E-03   6.4430E-03   3.7768E+00   9.8935E+00
   4.0006E-01   7.6308E-03   1.6112E-02   2.7558E-02   8.1946E-02   1.0852E+01  -9.0883E+01   3.6695E-03   1.0152E-03   6.5194E-03   9.1713E-03   2.4208E+01   5.8763E+01   3.8825E-03   9.5124E-04   6.7750E-03   9.3024E-03   2.6206E+01   6.0040E+01   3.1797E-03   4.5285E-04   5.2225E-03   6.5161E-03   4.2447E+00   1.0925E+01
   4.3083E-01   7.5182E-03   1.5936E-02   2.7214E-02   8.1116E-02   1.0627E+01  -9.4910E+01   3.6884E-03   1.0554E-03   6.5880E-03   9.3048E-03   2.6103E+01   6.2747E+01   3.8859E-03   9.9024E-04   6.8192E-03   9.4077E-03   2.8391E+01   6.4558E+01   3.1770E-03   4.7430E-04   5.2399E-03   6.5894E-03   4.6700E+00   1.1857E+01
   4.6161E-01   7.3988E-03   1.5778E-02   2.6876E-02   8.0420E-02   1.0816E+01  -9.6251E+01   3.7085E-03   1.0961E-03   6.6588E-03   9.4488E-03   2.7766E+01   6.6262E+01   3.8913E-03   1.0300E-03   6.8669E-03   9.5229E-03   3.0229E+01   6.8404E+01   3.1752E-03   4.9644E-04   5.2592E-03   6.6640E-03   5.0413E+00   1.2667E+01
   4.9238E-01   7.2654E-03   1.5613E-02   2.6511E-02   7.9747E-02   1.2032E+01  -9.3592E+01   3.7334E-03   1.1420E-03   6.7421E-03   9.6276E-03   2.9162E+01   6.9248E+01   3.9010E-03   1.0737E-03   6.9253E-03   9.6629E-03   3.1667E+01   7.1504E+01   3.1757E-03   5.2164E-04   5.2852E-03   6.7502E-03   5.3484E+00   1.3335E+01
   5.2315E-01   7.1282E-03   1.5477E-02   2.6169E-02   7.9284E-02   1.4272E+01  -8.6898E+01   3.7695E-03   1.2054E-03   6.8596E-03   9.9053E-03   3.0271E+01   7.1673E+01   3.9187E-03   1.1279E-03   7.0059E-03   9.8583E-03   3.2667E+01   7.3809E+01   3.1802E-03   5.5337E-04   5.3237E-03   6.8637E-03   5.5857E+00   1.3855E+01
   5.5393E-01   7.0131E-03   1.5452E-02   2.5972E-02   7.9506E-02   1.8404E+01  -7.4154E+01   3.8328E-03   1.3078E-03   7.0570E-03   1.0383E-02   3.1162E+01   7.3713E+01   3.9557E-03   1.2132E-03   7.1468E-03   1.0209E-02   3.3282E+01   7.5480E+01   3.1944E-03   6.0213E-04   5.3937E-03   7.0491E-03   5.7711E+00   1.4265E+01
   5.8470E-01   6.9251E-03   1.5692E-02   2.6079E-02   8.1301E-02   2.7315E+01  -4.7676E+01   3.9851E-03   1.5554E-03   7.5331E-03   1.1619E-02   3.1962E+01   7.5877E+01   4.0553E-03   1.3945E-03   7.4774E-03   1.1073E-02   3.3746E+01   7.7563E+01   3.2383E-03   6.9987E-04   5.5574E-03   7.4618E-03   5.8899E+00   1.4596E+01
   6.1548E-01   7.1580E-03   1.6979E-02   2.7716E-02   8.9327E-02   4.3938E+01   2.4666E+00   4.4380E-03   2.2318E-03   8.8888E-03   1.4834E-02   3.2631E+01   7.7638E+01   4.3703E-03   1.9090E-03   8.4644E-03   1.3600E-02   3.3981E+01   7.9045E+01   3.3827E-03   9.6949E-04   6.0435E-03   8.7089E-03   6.0484E+00   1.4834E+01
   6.4625E-01   8.4907E-03   2.2328E-02   3.5064E-02   1.2265E-01   7.8472E+01   1.2356E+02   6.7304E-03   5.1356E-03   1.5231E-02   2.7897E-02   3.5258E+01   8.3579E+01   6.3317E-03   4.5865E-03   1.4084E-02   2.5751E-02   3.5376E+01   8.3203E+01   4.2001E-03   2.3815E-03   8.6816E-03   1.5304E-02   6.7885E+00   1.5915E+01
   6.7702E-01   1.1929E-02   3.8630E-02   5.6524E-02   2.3812E-01   1.2418E+02   3.4152E+02   4.3533E-02   6.6041E-02   1.3134E-01   3.2020E-01   6.6052E+01   1.4167E+02   4.0585E-02   5.8643E-02   1.1952E-01   2.8281E-01   6.2668E+01   1.2814E+02   1.4791E-02   2.2712E-02   4.4899E-02   1.1746E-01   1.2078E+01   3.4931E+01
   7.0780E-01   1.0528E-02   3.3727E-02   4.9520E-02   2.0676E-01   1.1989E+02   3.2476E+02   3.4604E-02   5.0899E-02   1.0281E-01   2.4652E-01   6.3865E+01   1.3351E+02   3.2206E-02   4.5014E-02   9.3324E-02   2.1743E-01   5.9761E+01   1.2170E+02   1.2303E-02   1.7924E-02   3.6378E-02   9.3177E-02   1.2620E+01   3.4153E+01
   7.3857E-01   9.2706E-03   2.9534E-02   4.3440E-02   1.8066E-01   1.1525E+02   3.0877E+02   3.0122E-02   4.3526E-02   8.8709E-02   2.1093E-01   6.2802E+01   1.3011E+02   2.7960E-02   3.8455E-02   8.0395E-02   1.8644E-01   5.8523E+01   1.1899E+02   1.0938E-02   1.5447E-02   3.1854E-02   8.0692E-02   1.2741E+01   3.3641E+01
   7.6934E-01   8.0860E-03   2.5654E-02   3.7783E-02   1.5675E-01   1.1026E+02   2.9260E+02   2.6378E-02   3.7683E-02   7.7250E-02   1.8319E-01   6.1375E+01   1.2648E+02   2.4538E-02   3.3181E-02   6.9988E-02   1.6131E-01   5.7126E+01   1.1594E+02   9.7858E-03   1.3390E-02   2.8069E-02   7.0430E-02   1.2647E+01   3.2849E+01
   8.0012E-01   6.9271E-03   2.1930E-02   3.2321E-02   1.3400E-01   1.0606E+02   2.7954E+02   2.2968E-02   3.2286E-02   6.6737E-02   1.5740E-01   5.9021E+01   1.2122E+02   2.1382E-02   2.8313E-02   6.0386E-02   1.3801E-01   5.4996E+01   1.1131E+02   8.7142E-03   1.1480E-02   2.4551E-02   6.0893E-02   1.2312E+01   3.1530E+01
   8.3089E-01   5.8866E-03   1.8597E-02   2.7427E-02   1.1366E-01   1.0116E+02   2.6537E+02   1.9911E-02   2.7455E-02   5.7321E-02   1.3425E-01   5.6263E+01   1.1535E+02   1.8587E-02   2.4008E-02   5.1888E-02   1.1743E-01   5.2564E+01   1.0614E+02   7.7724E-03   9.8007E-03   2.1459E-02   5.2483E-02   1.1858E+01   2.9970E+01
   8.6167E-01   4.9717E-03   1.5670E-02   2.3127E-02   9.5811E-02   9.5550E+01   2.4986E+02   1.7251E-02   2.3243E-02   4.9120E-02   1.1396E-01   5.3259E+01   1.0906E+02   1.6161E-02   2.0246E-02   4.4487E-02   9.9485E-02   4.9931E+01   1.0065E+02   6.9474E-03   8.3381E-03   1.8759E-02   4.5160E-02   1.1324E+01   2.8268E+01
   8.9244E-01   4.1811E-03   1.3138E-02   1.9410E-02   8.0374E-02   8.8720E+01   2.3182E+02   1.4934E-02   1.9609E-02   4.2010E-02   9.6581E-02   5.0107E+01   1.0258E+02   1.4072E-02   1.7050E-02   3.8159E-02   8.4236E-02   4.7110E+01   9.4963E+01   6.2281E-03   7.0585E-03   1.6401E-02   3.8746E-02   1.0735E+01   2.6516E+01
   9.2321E-01   3.5092E-03   1.0982E-02   1.6246E-02   6.7211E-02   8.1236E+01   2.1159E+02   1.2952E-02   1.6500E-02   3.5928E-02   8.1718E-02   4.6908E+01   9.6078E+01   1.2315E-02   1.4372E-02   3.2845E-02   7.1466E-02   4.4129E+01   8.9171E+01   5.6118E-03   5.9668E-03   1.4384E-02   3.3248E-02   1.0090E+01   2.4770E+01
   9.5399E-01   2.9454E-03   9.1653E-03   1.3583E-02   5.6100E-02   7.3672E+01   1.9087E+02   1.1272E-02   1.3863E-02   3.0771E-02   6.9094E-02   4.3669E+01   8.9634E+01   1.0852E-02   1.2169E-02   2.8447E-02   6.0905E-02   4.1022E+01   8.3279E+01   5.0892E-03   5.0506E-03   1.2684E-02   2.8595E-02   9.4071E+00   2.3019E+01
   9.8476E-01   2.4771E-03   7.6489E-03   1.1365E-02   4.6799E-02   6.6157E+01   1.7073E+02   9.8543E-03   1.1638E-02   2.6419E-02   5.8386E-02   4.0396E+01   8.3244E+01   9.6371E-03   1.0380E-02   2.4835E-02   5.2254E-02   3.7799E+01   7.7260E+01   4.6410E-03   4.2900E-03   1.1252E-02   2.4688E-02   8.6811E+00   2.1242E+01
   1.0155E+00   2.1293E-03   6.4882E-03   9.6822E-03   3.9567E-02   5.8745E+01   1.5033E+02   8.7753E-03   9.8833E-03   2.3046E-02   4.9715E-02   3.7251E+01   7.7462E+01   8.7664E-03   9.2225E-03   2.2372E-02   4.6367E-02   3.4702E+01   7.1988E+01   4.2860E-03   3.7494E-03   1.0178E-02   2.1819E-02   7.9155E+00   1.9494E+01
   1.0463E+00   1.8435E-03   5.5246E-03   8.2900E-03   3.3533E-02   5.1776E+01   1.3141E+02   7.8903E-03   8.5559E-03   2.0391E-02   4.3006E-02   3.3941E+01   7.1577E+01   8.0000E-03   8.3943E-03   2.0394E-02   4.2170E-02   3.1409E+01   6.6435E+01   3.9546E-03   3.3118E-03   9.2438E-03   1.9547E-02   7.0823E+00   1.7618E+01
   1.0771E+00   1.6038E-03   4.7153E-03   7.1210E-03   2.8461E-02   4.5369E+01   1.1428E+02   7.1388E-03   7.6174E-03   1.8326E-02   3.8228E-02   3.0482E+01   6.5447E+01   7.2335E-03   7.7417E-03   1.8592E-02   3.9115E-02   2.7999E+01   6.0491E+01   3.6286E-03   2.9157E-03   8.3587E-03   1.7613E-02   6.2173E+00   1.5654E+01
   1.1079E+00   1.4041E-03   4.0466E-03   6.1528E-03   2.4283E-02   3.9242E+01   9.7950E+01   6.4738E-03   6.9609E-03   1.6672E-02   3.5021E-02   2.7076E+01   5.9277E+01   6.4806E-03   7.1412E-03   1.6862E-02   3.6676E-02   2.4662E+01   5.4395E+01   3.3160E-03   2.5354E-03   7.5095E-03   1.5831E-02   5.3821E+00   1.3740E+01
   1.1386E+00   1.2398E-03   3.5044E-03   5.3641E-03   2.0922E-02   3.3531E+01   8.3228E+01   5.8605E-03   6.4333E-03   1.5224E-02   3.2659E-02   2.3924E+01   5.3346E+01   5.7801E-03   6.5164E-03   1.5187E-02   3.4307E-02   2.1599E+01   4.8451E+01   3.0292E-03   2.1716E-03   6.7154E-03   1.4121E-02   4.6317E+00   1.2005E+01
   1.1694E+00   1.1049E-03   3.0692E-03   4.7267E-03   1.8249E-02   2.8241E+01   6.9926E+01   5.3063E-03   5.9316E-03   1.3891E-02   3.0527E-02   2.1108E+01   4.7801E+01   5.1602E-03   5.8667E-03   1.3607E-02   3.1735E-02   1.8894E+01   4.2901E+01   2.7769E-03   1.8433E-03   6.0087E-03   1.2524E-02   3.9788E+00   1.0502E+01
   1.2002E+00   9.9334E-04   2.7178E-03   4.2078E-03   1.6116E-02   2.3389E+01   5.8002E+01   4.8081E-03   5.4188E-03   1.2631E-02   2.8313E-02   1.8628E+01   4.2707E+01   4.6298E-03   5.2263E-03   1.2171E-02   2.8965E-02   1.6574E+01   3.7904E+01   2.5609E-03   1.5674E-03   5.4088E-03   1.1110E-02   3.4148E+00   9.2244E+00
   1.2310E+00   8.9723E-04   2.4259E-03   3.7718E-03   1.4382E-02   1.8725E+01   4.6562E+01   4.3293E-03   4.7959E-03   1.1290E-02   2.5452E-02   1.6437E+01   3.7953E+01   4.1691E-03   4.5505E-03   1.0804E-02   2.5652E-02   1.4624E+01   3.3461E+01   2.3740E-03   1.3302E-03   4.8912E-03   9.8054E-03   2.9276E+00   8.1412E+00
   1.2617E+00   8.1107E-04   2.1705E-03   3.3871E-03   1.2889E-02   1.4480E+01   3.6163E+01   3.8688E-03   4.1285E-03   9.9317E-03   2.2291E-02   1.4394E+01   3.3438E+01   3.7487E-03   3.8808E-03   9.5039E-03   2.2184E-02   1.2865E+01   2.9386E+01   2.2029E-03   1.1178E-03   4.4221E-03   8.5846E-03   2.4760E+00   7.1374E+00
   1.2925E+00   7.2985E-04   1.9298E-03   3.0246E-03   1.1485E-02   1.0821E+01   2.7156E+01   3.4006E-03   3.4264E-03   8.5273E-03   1.8960E-02   1.2333E+01   2.8887E+01   3.3242E-03   3.1861E-03   8.1723E-03   1.8575E-02   1.1098E+01   2.5322E+01   2.0333E-03   9.0523E-04   3.9552E-03   7.3452E-03   2.0358E+00   6.1075E+00
   1.3233E+00   6.4575E-04   1.6706E-03   2.6392E-03   9.9408E-03   7.8150E+00   1.9682E+01   2.8732E-03   2.6104E-03   6.9201E-03   1.5118E-02   1.0066E+01   2.3809E+01   2.8437E-03   2.3697E-03   6.6352E-03   1.4393E-02   9.1182E+00   2.0740E+01   1.8519E-03   6.6345E-04   3.4412E-03   5.9358E-03   1.6069E+00   4.9672E+00
   1.3540E+00   5.5208E-04   1.3710E-03   2.1991E-03   8.0989E-03   5.5376E+00   1.4087E+01   2.2761E-03   1.6092E-03   5.0233E-03   1.0296E-02   7.4865E+00   1.7687E+01   2.3169E-03   1.4317E-03   4.9070E-03   9.4903E-03   6.8448E+00   1.5237E+01   1.6591E-03   3.9821E-04   2.8869E-03   4.3773E-03   1.2128E+00   3.7167E+00
   1.3848E+00   4.4276E-04   1.0259E-03   1.6900E-03   5.9673E-03   3.9188E+00   9.9150E+00   1.7776E-03   7.3129E-04   3.3977E-03   5.7275E-03   4.9904E+00   1.1280E+01   1.8939E-03   7.2593E-04   3.5668E-03   5.6960E-03   4.7489E+00   1.0191E+01   1.4892E-03   1.9119E-04   2.4250E-03   3.1452E-03   8.7523E-01   2.5620E+00
   1.4156E+00   3.2205E-04   6.6875E-04   1.1518E-03   3.8103E-03   2.9579E+00   7.0864E+00   1.5073E-03   3.4529E-04   2.6063E-03   3.6804E-03   3.2702E+00   7.5230E+00   1.6597E-03   4.3804E-04   2.9275E-03   4.1698E-03   3.2494E+00   7.5060E+00   1.3703E-03   8.8995E-05   2.1445E-03   2.4917E-03   5.4979E-01   1.6553E+00
   1.4464E+00   2.1677E-04   3.9808E-04   7.2323E-04   2.2343E-03   2.1935E+00   4.5843E+00   1.3598E-03   2.1245E-04   2.2521E-03   2.9879E-03   2.0693E+00   5.1250E+00   1.5147E-03   2.9729E-04   2.5693E-03   3.5360E-03   2.1600E+00   5.1204E+00   1.2863E-03   3.1814E-05   1.9613E-03   2.1394E-03   2.9627E-01   1.0037E+00
   1.4771E+00   1.3524E-04   2.0616E-04   4.0902E-04   1.1860E-03   1.4430E+00   2.4755E+00   1.2857E-03   7.5561E-05   2.0042E-03   2.4020E-03   1.4203E+00   3.4756E+00   1.5620E-03   1.4514E-04   2.4881E-03   2.8597E-03   2.4969E+00   5.3028E+00   1.2691E-03   6.1485E-06   1.9098E-03   1.8946E-03   1.8195E-01   7.2993E-01
   1.5079E+00   8.3720E-05   8.9874E-05   2.1545E-04   5.8459E-04   8.6070E-01   1.3963E+00   1.4102E-03   1.1307E-04   2.2284E-03   2.2695E-03   1.9497E+00   4.8293E+00   1.7996E-03   5.2838E-04   3.2278E-03   3.9332E-03   3.4083E+00   9.6610E+00   1.3092E-03   1.5919E-04   2.1229E-03   2.3845E-03   2.1927E-01   9.4094E-01
   1.5387E+00   5.6476E-05   1.5953E-05   1.0067E-04   2.2009E-04   3.7605E-01   7.2698E-01   1.4017E-03   3.7878E-04   2.4814E-03   3.5182E-03   6.4533E-01   3.5816E+00   1.5581E-03   5.5635E-04   2.8935E-03   4.6754E-03  -3.3409E-01   2.5735E+00   1.2524E-03   8.1986E-05   1.9606E-03   2.3512E-03  -1.7092E-01  -3.6333E-03
