% N=  51
%           r   D11e,m^2/s         D12e         D21e         D22e         D31e         D32e         D11D         D12D         D21D         D22D         D31D         D32D         D11T         D12T         D21T         D22T         D31T         D32T        D11He        D12He        D21He        D22He        D31He        D32He
   0.0000E+00   3.9124E-02   1.3348E-01   1.9216E-01   8.5116E-01   1.1406E+03   3.4351E+03   3.9385E-01   6.3516E-01   1.2259E+00   3.0029E+00   1.4901E+03   4.1020E+03   3.7365E-01   5.7450E-01   1.1350E+00   2.7220E+00   1.6269E+03   4.1680E+03   1.1350E-01   2.2382E-01   3.9408E-01   1.1203E+00   1.5634E+02   5.9860E+02
   4.1483E-02   3.9122E-02   1.3347E-01   1.9215E-01   8.5112E-01   1.1419E+03   3.4238E+03   3.9379E-01   6.3488E-01   1.2256E+00   3.0013E+00   1.4942E+03   4.1024E+03   3.7353E-01   5.7411E-01   1.1344E+00   2.7199E+00   1.6323E+03   4.1688E+03   1.1352E-01   2.2382E-01   3.9410E-01   1.1202E+00   1.5757E+02   6.0253E+02
   8.2966E-02   3.9081E-02   1.3332E-01   1.9194E-01   8.5014E-01   1.1459E+03   3.3777E+03   3.9197E-01   6.3082E-01   1.2188E+00   2.9812E+00   1.5103E+03   4.1017E+03   3.7155E-01   5.6995E-01   1.1273E+00   2.6994E+00   1.6522E+03   4.1680E+03   1.1321E-01   2.2292E-01   3.9275E-01   1.1151E+00   1.6265E+02   6.1802E+02
   1.2445E-01   3.9004E-02   1.3305E-01   1.9155E-01   8.4842E-01   1.1509E+03   3.3040E+03   3.9059E-01   6.2736E-01   1.2133E+00   2.9633E+00   1.5336E+03   4.0992E+03   3.6990E-01   5.6603E-01   1.1209E+00   2.6796E+00   1.6821E+03   4.1667E+03   1.1304E-01   2.2233E-01   3.9190E-01   1.1116E+00   1.7001E+02   6.4088E+02
   1.6593E-01   3.8880E-02   1.3261E-01   1.9093E-01   8.4562E-01   1.1557E+03   3.2049E+03   3.8816E-01   6.2170E-01   1.2039E+00   2.9347E+00   1.5633E+03   4.0934E+03   3.6713E-01   5.5991E-01   1.1106E+00   2.6489E+00   1.7197E+03   4.1614E+03   1.1267E-01   2.2119E-01   3.9019E-01   1.1051E+00   1.7972E+02   6.7050E+02
   2.0741E-01   3.8702E-02   1.3199E-01   1.9004E-01   8.4159E-01   1.1591E+03   3.0832E+03   3.8360E-01   6.1191E-01   1.1873E+00   2.8862E+00   1.5987E+03   4.0832E+03   3.6224E-01   5.4991E-01   1.0933E+00   2.5999E+00   1.7632E+03   4.1500E+03   1.1185E-01   2.1891E-01   3.8669E-01   1.0926E+00   1.9192E+02   7.0637E+02
   2.4890E-01   3.8464E-02   1.3115E-01   1.8884E-01   8.3617E-01   1.1600E+03   2.9420E+03   3.7776E-01   5.9970E-01   1.1663E+00   2.8261E+00   1.6375E+03   4.0677E+03   3.5606E-01   5.3764E-01   1.0717E+00   2.5399E+00   1.8100E+03   4.1320E+03   1.1075E-01   2.1593E-01   3.8206E-01   1.0764E+00   2.0476E+02   7.4668E+02
   2.9038E-01   3.8160E-02   1.3008E-01   1.8732E-01   8.2932E-01   1.1573E+03   2.7843E+03   3.7186E-01   5.8748E-01   1.1453E+00   2.7660E+00   1.6766E+03   4.0459E+03   3.4982E-01   5.2529E-01   1.0500E+00   2.4795E+00   1.8573E+03   4.1072E+03   1.0961E-01   2.1292E-01   3.7734E-01   1.0600E+00   2.1981E+02   7.8839E+02
   3.3186E-01   3.7776E-02   1.2873E-01   1.8539E-01   8.2063E-01   1.1497E+03   2.6125E+03   3.6418E-01   5.7204E-01   1.1183E+00   2.6907E+00   1.7157E+03   4.0161E+03   3.4182E-01   5.1006E-01   1.0228E+00   2.4057E+00   1.9031E+03   4.0722E+03   1.0804E-01   2.0887E-01   3.7093E-01   1.0384E+00   2.3526E+02   8.3174E+02
   3.7335E-01   3.7313E-02   1.2711E-01   1.8308E-01   8.1014E-01   1.1363E+03   2.4297E+03   3.5405E-01   5.5234E-01   1.0834E+00   2.5955E+00   1.7544E+03   3.9780E+03   3.3152E-01   4.9107E-01   9.8834E-01   2.3144E+00   1.9461E+03   4.0257E+03   1.0591E-01   2.0345E-01   3.6231E-01   1.0098E+00   2.5253E+02   8.7597E+02
   4.1483E-01   3.6766E-02   1.2519E-01   1.8034E-01   7.9778E-01   1.1160E+03   2.2386E+03   3.4344E-01   5.3218E-01   1.0473E+00   2.4984E+00   1.7883E+03   3.9296E+03   3.2080E-01   4.7176E-01   9.5296E-01   2.2218E+00   1.9824E+03   3.9674E+03   1.0356E-01   1.9771E-01   3.5306E-01   9.7970E-01   2.6956E+02   9.1743E+02
   4.5631E-01   3.6101E-02   1.2287E-01   1.7702E-01   7.8283E-01   1.0826E+03   2.0381E+03   3.3132E-01   5.1180E-01   1.0088E+00   2.3988E+00   1.8094E+03   3.8620E+03   3.0951E-01   4.5200E-01   9.1626E-01   2.1275E+00   2.0025E+03   3.8873E+03   1.0026E-01   1.9132E-01   3.4171E-01   9.4716E-01   2.8487E+02   9.5091E+02
   4.9780E-01   3.5279E-02   1.2001E-01   1.7293E-01   7.6437E-01   1.0266E+03   1.8241E+03   3.1779E-01   4.8780E-01   9.6449E-01   2.2849E+00   1.8076E+03   3.7604E+03   2.9628E-01   4.2978E-01   8.7420E-01   2.0223E+00   1.9936E+03   3.7685E+03   9.6963E-02   1.8373E-01   3.2917E-01   9.0834E-01   2.9697E+02   9.6881E+02
   5.3928E-01   3.4368E-02   1.1684E-01   1.6839E-01   7.4396E-01   9.6226E+02   1.6084E+03   3.0353E-01   4.6268E-01   9.1797E-01   2.1664E+00   1.7960E+03   3.6439E+03   2.8232E-01   4.0679E-01   8.3028E-01   1.9139E+00   1.9722E+03   3.6334E+03   9.3474E-02   1.7561E-01   3.1582E-01   8.6696E-01   3.0783E+02   9.8051E+02
   5.8076E-01   3.3374E-02   1.1339E-01   1.6345E-01   7.2173E-01   8.9181E+02   1.3950E+03   2.8853E-01   4.3689E-01   8.6969E-01   2.0450E+00   1.7752E+03   3.5145E+03   2.6782E-01   3.8333E-01   7.8505E-01   1.8035E+00   1.9402E+03   3.4855E+03   8.9678E-02   1.6703E-01   3.0155E-01   8.2354E-01   3.1734E+02   9.8610E+02
   6.2224E-01   3.2314E-02   1.0972E-01   1.5819E-01   6.9811E-01   8.1747E+02   1.1874E+03   2.7342E-01   4.1128E-01   8.2141E-01   1.9249E+00   1.7372E+03   3.3555E+03   2.5418E-01   3.6039E-01   7.4167E-01   1.6952E+00   1.8988E+03   3.3272E+03   8.5542E-02   1.5814E-01   2.8646E-01   7.7925E-01   3.2483E+02   9.8316E+02
   6.6373E-01   3.1194E-02   1.0585E-01   1.5264E-01   6.7321E-01   7.4133E+02   9.8926E+02   2.5813E-01   3.8614E-01   7.7334E-01   1.8071E+00   1.6989E+03   3.2038E+03   2.4038E-01   3.3791E-01   6.9849E-01   1.5893E+00   1.8497E+03   3.1624E+03   8.1357E-02   1.4924E-01   2.7128E-01   7.3504E-01   3.3104E+02   9.7700E+02
   7.0521E-01   3.0027E-02   1.0182E-01   1.4686E-01   6.4732E-01   6.6538E+02   8.0365E+02   2.4290E-01   3.6116E-01   7.2550E-01   1.6904E+00   1.6553E+03   3.0479E+03   2.2575E-01   3.1551E-01   6.5413E-01   1.4847E+00   1.7958E+03   2.9976E+03   7.7305E-02   1.4044E-01   2.5640E-01   6.9098E-01   3.3575E+02   9.6575E+02
   7.4669E-01   2.8825E-02   9.7674E-02   1.4091E-01   6.2075E-01   5.9368E+02   6.3960E+02   2.2803E-01   3.3706E-01   6.7910E-01   1.5781E+00   1.6068E+03   2.8875E+03   2.1155E-01   2.9402E-01   6.1135E-01   1.3843E+00   1.7389E+03   2.8332E+03   7.3253E-02   1.3178E-01   2.4166E-01   6.4789E-01   3.3914E+02   9.5222E+02
   7.8818E-01   2.7613E-02   9.3505E-02   1.3493E-01   5.9405E-01   5.3775E+02   5.2677E+02   2.1374E-01   3.1408E-01   6.3469E-01   1.4712E+00   1.5672E+03   2.7559E+03   1.9970E-01   2.7502E-01   5.7457E-01   1.2925E+00   1.6898E+03   2.6956E+03   6.9284E-02   1.2339E-01   2.2732E-01   6.0621E-01   3.4184E+02   9.3960E+02
   8.2966E-01   2.6377E-02   8.9256E-02   1.2882E-01   5.6687E-01   4.8431E+02   4.2708E+02   1.9995E-01   2.9213E-01   5.9205E-01   1.3692E+00   1.5246E+03   2.6257E+03   1.8655E-01   2.5557E-01   5.3539E-01   1.2020E+00   1.6371E+03   2.5579E+03   6.5373E-02   1.1522E-01   2.1328E-01   5.6575E-01   3.4278E+02   9.2320E+02
   8.7114E-01   2.5119E-02   8.4940E-02   1.2262E-01   5.3929E-01   4.3322E+02   3.3839E+02   1.8729E-01   2.7136E-01   5.5230E-01   1.2722E+00   1.4789E+03   2.4970E+03   1.7401E-01   2.3717E-01   4.9819E-01   1.1162E+00   1.5824E+03   2.4234E+03   6.1543E-02   1.0733E-01   1.9965E-01   5.2682E-01   3.4204E+02   9.0358E+02
   9.1263E-01   2.3845E-02   8.0571E-02   1.1634E-01   5.1141E-01   3.8438E+02   2.5879E+02   1.7408E-01   2.5102E-01   5.1214E-01   1.1779E+00   1.4308E+03   2.3693E+03   1.6181E-01   2.1940E-01   4.6212E-01   1.0334E+00   1.5256E+03   2.2912E+03   5.8004E-02   1.0017E-01   1.8717E-01   4.9084E-01   3.3994E+02   8.8128E+02
   9.5411E-01   2.2561E-02   7.6170E-02   1.1001E-01   4.8335E-01   3.3778E+02   1.8660E+02   1.6152E-01   2.3176E-01   4.7405E-01   1.0886E+00   1.3804E+03   2.2443E+03   1.5018E-01   2.0261E-01   4.2788E-01   9.5516E-01   1.4666E+03   2.1622E+03   5.4252E-02   9.2641E-02   1.7402E-01   4.5407E-01   3.3577E+02   8.5698E+02
   9.9559E-01   2.1266E-02   7.1738E-02   1.0364E-01   4.5511E-01   2.9343E+02   1.2048E+02   1.5089E-01   2.1444E-01   4.4078E-01   1.0053E+00   1.3271E+03   2.1203E+03   1.3890E-01   1.8645E-01   3.9480E-01   8.7980E-01   1.4056E+03   2.0362E+03   5.0913E-02   8.6349E-02   1.6272E-01   4.2295E-01   3.3071E+02   8.3016E+02
   1.0371E+00   1.9969E-02   6.7299E-02   9.7253E-02   4.2685E-01   2.5150E+02   5.9592E+01   1.3917E-01   1.9687E-01   4.0563E-01   9.2418E-01   1.2725E+03   1.9984E+03   1.2828E-01   1.7135E-01   3.6377E-01   8.0938E-01   1.3429E+03   1.9140E+03   4.7341E-02   7.9330E-02   1.5034E-01   3.8885E-01   3.2431E+02   8.0114E+02
   1.0786E+00   1.8659E-02   6.2821E-02   9.0810E-02   3.9836E-01   2.1156E+02  -6.7212E+00   1.2800E-01   1.8016E-01   3.7216E-01   8.4654E-01   1.2178E+03   1.8795E+03   1.1812E-01   1.5690E-01   3.3408E-01   7.4183E-01   1.2781E+03   1.7954E+03   4.3993E-02   7.3032E-02   1.3902E-01   3.5845E-01   3.1698E+02   7.7161E+02
   1.1200E+00   1.7353E-02   5.8360E-02   8.4389E-02   3.6999E-01   1.7467E+02  -6.6075E+01   1.1734E-01   1.6431E-01   3.4032E-01   7.7294E-01   1.1618E+03   1.7637E+03   1.0841E-01   1.4326E-01   3.0587E-01   6.7792E-01   1.2115E+03   1.6789E+03   4.0689E-02   6.6765E-02   1.2780E-01   3.2812E-01   3.0830E+02   7.4032E+02
   1.1615E+00   1.6060E-02   5.3944E-02   7.8034E-02   3.4191E-01   1.4094E+02  -1.1810E+02   1.0722E-01   1.4939E-01   3.1022E-01   7.0361E-01   1.1042E+03   1.6506E+03   9.9230E-02   1.3043E-01   2.7927E-01   6.1787E-01   1.1439E+03   1.5651E+03   3.7501E-02   6.0745E-02   1.1700E-01   2.9898E-01   2.9825E+02   7.0724E+02
   1.2030E+00   1.4783E-02   4.9582E-02   7.1756E-02   3.1418E-01   1.1049E+02  -1.6235E+02   9.7664E-02   1.3540E-01   2.8190E-01   6.3864E-01   1.0446E+03   1.5397E+03   9.0582E-02   1.1842E-01   2.5429E-01   5.6171E-01   1.0720E+03   1.4512E+03   3.4454E-02   5.5080E-02   1.0676E-01   2.7158E-01   2.8681E+02   6.7237E+02
   1.2445E+00   1.3526E-02   4.5293E-02   6.5583E-02   2.8692E-01   8.3379E+01  -1.9867E+02   8.8643E-02   1.2230E-01   2.5526E-01   5.7775E-01   9.8000E+02   1.4304E+03   8.2418E-02   1.0717E-01   2.3080E-01   5.0916E-01   1.0024E+03   1.3425E+03   3.1540E-02   4.9742E-02   9.7052E-02   2.4575E-01   2.7415E+02   6.3584E+02
   1.2860E+00   1.2295E-02   4.1091E-02   5.9533E-02   2.6020E-01   5.9673E+01  -2.2685E+02   8.0134E-02   1.1009E-01   2.3029E-01   5.2092E-01   9.1909E+02   1.3251E+03   7.4746E-02   9.6679E-02   2.0880E-01   4.6018E-01   9.3320E+02   1.2375E+03   2.8778E-02   4.4728E-02   8.7895E-02   2.2149E-01   2.5853E+02   5.9404E+02
   1.3275E+00   1.1093E-02   3.6991E-02   5.3630E-02   2.3413E-01   3.9246E+01  -2.4744E+02   7.2152E-02   9.8679E-02   2.0691E-01   4.6785E-01   8.5821E+02   1.2227E+03   6.7552E-02   8.6883E-02   1.8821E-01   4.1449E-01   8.6496E+02   1.1364E+03   2.6157E-02   4.0019E-02   7.9255E-02   1.9872E-01   2.4213E+02   5.5012E+02
   1.3689E+00   9.9255E-03   3.3014E-02   4.7902E-02   2.0886E-01   2.3519E+01  -2.5604E+02   6.4598E-02   8.7973E-02   1.8487E-01   4.1806E-01   7.8995E+02   1.1188E+03   6.0743E-02   7.7707E-02   1.6882E-01   3.7169E-01   8.0044E+02   1.0431E+03   2.3643E-02   3.5599E-02   7.1064E-02   1.7731E-01   2.2729E+02   5.1232E+02
   1.4104E+00   8.7995E-03   2.9183E-02   4.2382E-02   1.8451E-01   1.0641E+01  -2.5887E+02   5.7511E-02   7.8050E-02   1.6432E-01   3.7193E-01   7.2859E+02   1.0247E+03   5.4382E-02   6.9228E-02   1.5080E-01   3.3208E-01   7.3645E+02   9.5169E+02   2.1288E-02   3.1492E-02   6.3425E-02   1.5739E-01   2.1137E+02   4.7263E+02
   1.4519E+00   7.7234E-03   2.5527E-02   3.7112E-02   1.6128E-01   2.5500E-01  -2.5697E+02   5.0981E-02   6.8962E-02   1.4543E-01   3.2967E-01   6.6610E+02   9.3169E+02   4.8758E-02   6.1388E-02   1.3453E-01   2.9567E-01   6.7463E+02   8.6692E+02   1.9081E-02   2.7693E-02   5.6314E-02   1.3898E-01   1.9505E+02   4.3422E+02
   1.4934E+00   6.7028E-03   2.2068E-02   3.2123E-02   1.3933E-01  -7.9016E+00  -2.5145E+02   4.4928E-02   6.0567E-02   1.2796E-01   2.9058E-01   6.0550E+02   8.4378E+02   4.3142E-02   5.4194E-02   1.1891E-01   2.6199E-01   6.1244E+02   7.8408E+02   1.7004E-02   2.4165E-02   4.9672E-02   1.2186E-01   1.7801E+02   3.9525E+02
   1.5349E+00   5.7455E-03   1.8832E-02   2.7450E-02   1.1881E-01  -1.3949E+01  -2.4246E+02   3.9394E-02   5.2928E-02   1.1202E-01   2.5496E-01   5.4643E+02   7.5999E+02   3.8034E-02   4.7633E-02   1.0468E-01   2.3124E-01   5.5162E+02   7.0380E+02   1.5093E-02   2.0963E-02   4.3603E-02   1.0629E-01   1.6087E+02   3.5730E+02
   1.5764E+00   4.8571E-03   1.5838E-02   2.3124E-02   9.9841E-02  -1.8076E+01  -2.3058E+02   3.4452E-02   4.6012E-02   9.7690E-02   2.2270E-01   4.8922E+02   6.8044E+02   3.3578E-02   4.1754E-02   9.2120E-02   2.0345E-01   4.9328E+02   6.2904E+02   1.3346E-02   1.8092E-02   3.8111E-02   9.2246E-02   1.4372E+02   3.2050E+02
   1.6178E+00   4.0447E-03   1.3109E-02   1.9176E-02   8.2582E-02  -2.0502E+01  -2.1623E+02   2.9899E-02   3.9782E-02   8.4630E-02   1.9351E-01   4.3398E+02   6.0452E+02   2.9377E-02   3.6388E-02   8.0453E-02   1.7813E-01   4.3697E+02   5.5801E+02   1.1743E-02   1.5505E-02   3.3120E-02   7.9576E-02   1.2679E+02   2.8509E+02
   1.6593E+00   3.3149E-03   1.0665E-02   1.5638E-02   6.7153E-02  -2.1553E+01  -2.0058E+02   2.5829E-02   3.4259E-02   7.3001E-02   1.6751E-01   3.8134E+02   5.3335E+02   2.5605E-02   3.1607E-02   7.0015E-02   1.5549E-01   3.8348E+02   4.9178E+02   1.0318E-02   1.3257E-02   2.8734E-02   6.8434E-02   1.1026E+02   2.5103E+02
   1.7008E+00   2.6646E-03   8.4978E-03   1.2495E-02   5.3496E-02  -2.1030E+01  -1.8271E+02   2.2279E-02   2.9342E-02   6.2760E-02   1.4426E-01   3.3100E+02   4.6695E+02   2.2205E-02   2.7325E-02   6.0632E-02   1.3513E-01   3.3319E+02   4.3097E+02   9.0076E-03   1.1251E-02   2.4762E-02   5.8501E-02   9.4054E+01   2.1791E+02
   1.7423E+00   2.0928E-03   6.6017E-03   9.7409E-03   4.1572E-02  -1.9114E+01  -1.6253E+02   1.8929E-02   2.4880E-02   5.3274E-02   1.2319E-01   2.8304E+02   4.0506E+02   1.9116E-02   2.3450E-02   5.2124E-02   1.1663E-01   2.8554E+02   3.7505E+02   7.7981E-03   9.4472E-03   2.1144E-02   4.9612E-02   7.8380E+01   1.8633E+02
   1.7838E+00   1.5991E-03   4.9728E-03   7.3714E-03   3.1341E-02  -1.6136E+01  -1.4053E+02   1.6035E-02   2.0975E-02   4.5028E-02   1.0443E-01   2.3784E+02   3.4828E+02   1.6314E-02   1.9935E-02   4.4406E-02   9.9767E-02   2.4067E+02   3.2304E+02   6.6856E-03   7.8041E-03   1.7833E-02   4.1498E-02   6.3323E+01   1.5633E+02
   1.8253E+00   1.1804E-03   3.5992E-03   5.3698E-03   2.2723E-02  -1.2174E+01  -1.1691E+02   1.3357E-02   1.7405E-02   3.7441E-02   8.7338E-02   1.9553E+02   2.9694E+02   1.3766E-02   1.6745E-02   3.7394E-02   8.4390E-02   1.9886E+02   2.7631E+02   5.6766E-03   6.3420E-03   1.4857E-02   3.4249E-02   4.9011E+01   1.2769E+02
   1.8667E+00   8.3528E-04   2.4711E-03   3.7241E-03   1.5649E-02  -7.5732E+00  -9.2336E+01   1.0945E-02   1.4178E-02   3.0596E-02   7.1828E-02   1.5532E+02   2.4835E+02   1.1437E-02   1.3827E-02   3.0983E-02   7.0265E-02   1.5932E+02   2.3280E+02   4.7606E-03   5.0302E-03   1.2171E-02   2.7703E-02   3.5610E+01   1.0045E+02
   1.9082E+00   5.5920E-04   1.5746E-03   2.4134E-03   1.0026E-02  -2.7972E+00  -6.7510E+01   8.7666E-03   1.1242E-02   2.4392E-02   5.7663E-02   1.1779E+02   2.0314E+02   9.3062E-03   1.1145E-02   2.5105E-02   5.7230E-02   1.2235E+02   1.9223E+02   3.9329E-03   3.8571E-03   9.7565E-03   2.1809E-02   2.3457E+01   7.4438E+01
   1.9497E+00   3.4861E-04   8.9738E-04   1.4203E-03   5.7706E-03   1.7291E+00  -4.3385E+01   6.7931E-03   8.5477E-03   1.8737E-02   4.4625E-02   8.1829E+01   1.5836E+02   7.3385E-03   8.6544E-03   1.9662E-02   4.5093E-02   8.6815E+01   1.5240E+02   3.1899E-03   2.8059E-03   7.5907E-03   1.6488E-02   1.2595E+01   4.9704E+01
   1.9912E+00   2.0102E-04   4.2594E-04   7.2746E-04   2.8021E-03   5.2656E+00  -2.1565E+01   5.0171E-03   6.0452E-03   1.3571E-02   3.2490E-02   4.8180E+01   1.1157E+02   5.5244E-03   6.3052E-03   1.4592E-02   3.3651E-02   5.3141E+01   1.1072E+02   2.5379E-03   1.8647E-03   5.6716E-03   1.1684E-02   3.7834E+00   2.6755E+01
   2.0327E+00   1.1089E-04   1.4296E-04   3.0930E-04   1.0201E-03   6.8694E+00  -4.7802E+00   3.4373E-03   3.6356E-03   8.7915E-03   2.0753E-02   1.7967E+01   5.9825E+01   3.8607E-03   3.9977E-03   9.7888E-03   2.2453E-02   2.1816E+01   6.3290E+01   2.0031E-03   1.0356E-03   4.0403E-03   7.4264E-03  -1.8508E+00   7.5747E+00
   2.0741E+00   7.1677E-05   1.5021E-05   1.2254E-04   2.3636E-04   5.2950E+00   3.6997E+00   2.1867E-03   1.3629E-03   4.6429E-03   9.5135E-03  -1.4141E+00   9.9823E+00   2.4603E-03   1.6337E-03   5.3242E-03   1.0853E-02  -2.3304E-01   1.3017E+01   1.6787E-03   3.5423E-04   2.8723E-03   4.0183E-03  -2.5970E+00  -2.2288E+00
