               0        7.9139244        1.9000444         1.428175        833.75707       -65.969406                0        1.2553807        1.2525494       -18320.873                0                0        18254.904                0 
    0.0026382173         7.881465        1.9005449        1.4291465        833.07561       -63.867615    -2.092915e-05        1.2553811        1.2525087       -18582.917                0                0         18519.05                0 
    0.0035805967        7.8835468         1.900669        1.4294816        832.81995       -63.655342   -2.8475439e-05        1.2553811        1.2524995       -18642.524                0                0        18578.869                0 
    0.0041991443        7.8839204        1.9007405        1.4296985        832.65075       -63.534278   -3.3432758e-05        1.2553811        1.2524948       -18672.299                0                0        18608.764                0 
    0.0064732944        7.8824444        1.9009542        1.4304788        832.02402       -62.784966   -5.1639509e-05        1.2553812        1.2524839       -18743.144                0                0        18680.359                0 
       0.0117706        7.8905677        1.9012766        1.4322144        830.56873       -60.411025   -9.3587931e-05        1.2553816        1.2524665       -18855.054                0                0        18794.643                0 
     0.022656562        7.9179903        1.9017358        1.4355692        827.70403        -54.39752     -0.000176194        1.2553825         1.252435       -19058.015                0                0        19003.617                0 
     0.045909351        7.9695259        1.9032425         1.442326        822.25134       -43.889663   -0.00033417431        1.2553842        1.2523699       -19477.611                0                0        19433.721                0 
     0.069162139         8.034046        1.9055883        1.4487131        817.56472       -36.642487   -0.00046889907        1.2553853        1.2523214       -19790.432                0                0        19753.789                0 
     0.095006244        8.0921608        1.9087185        1.4554118        813.00477       -30.814145   -0.00059584025        1.2553862         1.252298       -19941.165                0                0        19910.351                0 
      0.12085035        8.1479789        1.9119997        1.4616696        808.95943       -26.441069   -0.00070251346        1.2553869        1.2522839       -20032.547                0                0        20006.106                0 
      0.17872993          8.21063        1.9191573        1.4743567        801.15182       -19.889088   -0.00088144629        1.2553879        1.2523001       -19927.768                0                0        19907.879                0 
      0.23660951        8.3121776        1.9251737        1.4851316        794.70819       -15.153222   -0.00099078995        1.2553886        1.2523404       -19668.215                0                0        19653.062                0 
      0.27541477        8.3952415        1.9284928        1.4914007        790.98728       -12.754903    -0.0010298383         1.255389        1.2523725       -19461.251                0                0        19448.496                0 
      0.30879246        8.4475935        1.9309721        1.4962955        788.09286       -11.032394    -0.0010416574        1.2553893        1.2524049       -19252.529                0                0        19241.497                0 
      0.34217015        8.4933551        1.9331663         1.500799        785.44095       -9.5488005    -0.0010314307        1.2553895        1.2524296       -19093.002                0                0        19083.453                0 
      0.41083854        8.5610719        1.9371223        1.5091573        780.58862       -4.1411575   -0.00091602487        1.2553903        1.2524676       -18847.914                0                0        18843.773                0 
      0.44850103        8.6449894        1.9389009        1.5131672        778.28156        1.3232033   -0.00076824383        1.2553912        1.2524633       -18875.699                0                0        18877.022                0 
      0.48616352        8.6968892        1.9405218        1.5168745        776.17962        8.1506498   -0.00053427373        1.2553922        1.2524382        -19037.32                0                0         19045.47                0 
      0.51497907        8.7315118        1.9416672        1.5195182        774.70297        9.1150511   -0.00030435582        1.2553924        1.2524274       -19107.271                0                0        19116.386                0 
      0.54379462        8.7553192        1.9427526        1.5220205          773.326        10.392211    -5.748158e-05        1.2553926        1.2524239       -19130.017                0                0        19140.409                0 
      0.57261017        8.7762279        1.9437849        1.5243952        772.03915        11.972875    0.00019543104        1.2553928        1.2524303       -19088.391                0                0        19100.364                0 
      0.64264321        8.8011207        1.9462294        1.5297992         769.2075        12.827061     0.0007917764         1.255393        1.2524671       -18851.108                0                0        18863.935                0 
      0.78724665        8.8517733        1.9511471        1.5395988         764.4828        12.746575     0.0019140195         1.255393        1.2525356       -18409.424                0                0         18422.17                0 
      0.93185008        8.9256311        1.9556962        1.5476783         761.0586        15.209283     0.0029992542        1.2553933        1.2525842       -18096.463                0                0        18111.672                0 
       1.0764535        8.9860263        1.9600856        1.5545356        758.57797        22.279142      0.004073529        1.2553944        1.2526237       -17841.836                0                0        17864.116                0 
       1.2210569        9.0364213        1.9643664         1.560478        756.79357        27.884159     0.0051520881        1.2553953         1.252652       -17659.398                0                0        17687.282                0 
       1.3573679        9.0795909        1.9682761        1.5654071         755.5961        39.391413     0.0061785767        1.2553971        1.2526666        -17564.99                0                0        17604.381                0 
       1.4595269        9.1131714        1.9710927        1.5687215        754.95179        51.739398     0.0069683501         1.255399        1.2526732       -17522.182                0                0        17573.922                0 
        1.561686        9.1374431        1.9738487        1.5717912        754.47262        61.621418      0.007769074        1.2554005        1.2526775       -17494.462                0                0        17556.083                0 
        1.663845        9.1602997        1.9765348        1.5746445        754.13159        78.576463     0.0085825478        1.2554032        1.2526802       -17477.367                0                0        17555.944                0 
       1.7660041        9.1813438        1.9791476        1.5773046        753.90816        95.515512     0.0094083039        1.2554058        1.2526805       -17475.385                0                0          17570.9                0 
       1.8681631        9.2000683        1.9816779        1.5797932        753.78132        104.52082      0.010228497        1.2554072        1.2526815       -17468.926                0                0        17573.447                0 
       1.9703222        9.2176382        1.9841318        1.5821307        753.73693         112.6861      0.011049432        1.2554085        1.2526819       -17466.136                0                0        17578.822                0 
       2.0724812        9.2339848        1.9865065        1.5843299        753.76364        122.00071      0.011863301        1.2554099        1.2526822       -17464.235                0                0        17586.235                0 
       2.3081804        9.2579225        1.9918406        1.5890785        753.99726         135.6443      0.013719513         1.255412        1.2526804       -17475.653                0                0        17611.297                0 
       2.5438796        9.2885656        1.9967043        1.5932304        754.48009         139.2082      0.015550706        1.2554126        1.2526773       -17495.908                0                0        17635.117                0 
       2.7795788        9.3143506        2.0011412        1.5968863        755.15028        135.65596      0.017342964         1.255412        1.2526744       -17514.593                0                0        17650.249                0 
        3.015278        9.3363573        2.0051977        1.6001225        755.96691        132.50362      0.019105525        1.2554115        1.2526697       -17545.225                0                0        17677.728                0 
       3.2509772         9.354854        2.0089112        1.6029951        756.90145        123.94476       0.02085053        1.2554102        1.2526641       -17580.812                0                0        17704.757                0 
       3.6208733        9.3767233        2.0141752        1.6069199        758.54071        109.27072      0.023547378        1.2554079        1.2526557        -17634.96                0                0        17744.231                0 
       3.9907693        9.3964988        2.0187682        1.6101773        760.36669        92.970067       0.02620147        1.2554054        1.2526479       -17685.456                0                0        17778.426                0 
       5.1243184        9.4409055          2.02878        1.6163134        766.97987        35.372829      0.034132937        1.2553965        1.2526105       -17926.545                0                0        17961.918                0 
       7.6943885        9.4928738        2.0280493         1.608859        787.97794        -130.6807      0.051114092        1.2553707        1.2525026       -18622.079                0                0        18491.398                0 
       10.264459        9.3674186        2.0545963        1.6251632        798.26325       -243.28367      0.067070933        1.2553532        1.2524251       -19122.186                0                0        18878.902                0 
       12.630926        9.4127706        2.0509823        1.6163667        814.45491       -388.66682      0.080889661        1.2553307        1.2523449       -19638.877                0                0        19250.211                0 
       14.997393        9.3030437        2.0705935        1.6279884        821.67595       -486.10008      0.094011858        1.2553156        1.2522864       -20016.236                0                0        19530.136                0 
        17.36386        9.3409857        2.0699937        1.6228426         833.6482       -607.89949       0.10655079        1.2552967        1.2522242       -20417.126                0                0        19809.226                0 
              20        9.2731176        2.0848701        1.6309696        840.37549          -710.66       0.11989605        1.2552807        1.2521733       -20745.521                0                0        20034.861                0 
