% N=  92
%           r           Er
   4.0898E-02  -1.9464E-01
   4.0898E-02   3.4863E-01
   4.0898E-02   7.2510E-01
   8.1796E-02  -3.8132E-01
   8.1796E-02   6.7346E-01
   8.1796E-02   1.4590E+00
   1.2269E-01  -5.5289E-01
   1.2269E-01   9.5508E-01
   1.2269E-01   2.1943E+00
   1.6359E-01  -7.0422E-01
   1.6359E-01   1.1843E+00
   1.6359E-01   2.9429E+00
   2.0449E-01  -8.3231E-01
   2.0449E-01   1.3550E+00
   2.0449E-01   3.6943E+00
   2.4539E-01  -9.3484E-01
   2.4539E-01   1.4665E+00
   2.4539E-01   4.4355E+00
   2.8629E-01  -1.0110E+00
   2.8629E-01   1.5234E+00
   2.8629E-01   5.1606E+00
   3.2719E-01  -1.0639E+00
   3.2719E-01   1.5403E+00
   3.2719E-01   5.8418E+00
   3.6808E-01  -1.0982E+00
   3.6808E-01   1.5308E+00
   3.6808E-01   6.4746E+00
   4.0898E-01  -1.1183E+00
   4.0898E-01   1.5065E+00
   4.0898E-01   7.0400E+00
   4.4988E-01  -1.1440E+00
   4.4988E-01   1.5061E+00
   4.4988E-01   7.5352E+00
   4.9078E-01  -1.1797E+00
   4.9078E-01   1.5327E+00
   4.9078E-01   7.9504E+00
   5.3168E-01  -1.2196E+00
   5.3168E-01   1.5722E+00
   5.3168E-01   8.2910E+00
   5.7257E-01  -1.2646E+00
   5.7257E-01   1.6239E+00
   5.7257E-01   8.5569E+00
   6.1347E-01  -1.3188E+00
   6.1347E-01   1.6949E+00
   6.1347E-01   8.7297E+00
   6.5437E-01  -1.3847E+00
   6.5437E-01   1.7923E+00
   6.5437E-01   8.8077E+00
   6.9527E-01  -1.4724E+00
   6.9527E-01   1.9480E+00
   6.9527E-01   8.5825E+00
   7.3617E-01  -1.5253E+00
   7.3617E-01   2.2106E+00
   7.3617E-01   7.1960E+00
   7.7707E-01  -1.5180E+00
   7.7707E-01   2.6435E+00
   7.7707E-01   5.5994E+00
   8.1796E-01  -1.5788E+00
   8.1796E-01   3.0289E+00
   8.1796E-01   5.1226E+00
   8.5886E-01  -1.7100E+00
   8.5886E-01   3.5962E+00
   8.5886E-01   4.8618E+00
   8.9976E-01  -1.8581E+00
   9.4066E-01  -2.0364E+00
   9.8156E-01  -2.2571E+00
   1.0225E+00  -2.5390E+00
   1.0634E+00  -2.9337E+00
   1.1043E+00  -3.4343E+00
   1.1451E+00  -4.0616E+00
   1.1860E+00  -4.8651E+00
   1.2269E+00  -5.9802E+00
   1.2678E+00  -1.2630E+01
   1.3087E+00  -1.4722E+01
   1.3496E+00  -1.4593E+01
   1.3905E+00  -1.4171E+01
   1.4314E+00  -1.3720E+01
   1.4723E+00  -1.3327E+01
   1.5132E+00  -1.3011E+01
   1.5541E+00  -1.2763E+01
   1.5950E+00  -1.2574E+01
   1.6359E+00  -1.2557E+01
   1.6768E+00  -1.2615E+01
   1.7177E+00  -1.2696E+01
   1.7586E+00  -1.2810E+01
   1.7995E+00  -1.2970E+01
   1.8404E+00  -1.3157E+01
   1.8813E+00  -1.3289E+01
   1.9222E+00  -1.3157E+01
   1.9631E+00  -1.2431E+01
   2.0040E+00  -1.0605E+01
   2.0449E+00  -6.4189E+00
