               0        7.9139238        1.9000444         1.428175        833.75707       -65.979933                0        1.2553807        1.2525495       -18319.919                0                0        18253.939                0 
    0.0026383442        7.8814682        1.9005443        1.4291462        833.07563       -62.993937   -2.0773218e-05        1.2553812        1.2525069       -18594.814                0                0         18531.82                0 
       0.0035808        7.8835481         1.900668        1.4294811        832.81998       -62.919372   -2.8265804e-05        1.2553812        1.2524976       -18654.608                0                0        18591.689                0 
    0.0041977617        7.8839244        1.9007391        1.4296973        832.65123       -62.917907   -3.3182061e-05        1.2553812         1.252493       -18684.391                0                0        18621.473                0 
    0.0064627332        7.8824431        1.9009511         1.430474        832.02708       -62.537882   -5.1256713e-05        1.2553813        1.2524816        -18757.67                0                0        18695.132                0 
       0.0117482        7.8905101        1.9012709         1.432205        830.57499       -60.628558   -9.3170381e-05        1.2553816        1.2524648       -18866.193                0                0        18805.564                0 
     0.022466484        7.9176507        1.9017176        1.4355074        827.75254       -54.970527   -0.00017493104        1.2553824        1.2524334        -19068.63                0                0        19013.659                0 
     0.045136629        7.9682936        1.9031566        1.4420967        822.42046       -44.727116   -0.00033011351         1.255384        1.2523685       -19486.761                0                0        19442.034                0 
     0.067806773        8.0315313        1.9054058         1.448333        817.82414       -37.586713   -0.00046300634        1.2553851        1.2523188       -19807.311                0                0        19769.724                0 
      0.10097393        8.0931201        1.9094682        1.4569051         812.0194       -30.310201    -0.0006246518        1.2553863        1.2522853       -20023.278                0                0        19992.968                0 
      0.13414109        8.1629102         1.913688        1.4647508        807.01949       -25.407976   -0.00075429789         1.255387        1.2522715        -20112.56                0                0        20087.152                0 
      0.20215701        8.2374316        1.9217763        1.4789739        798.38001       -19.162563   -0.00094139523         1.255388        1.2523033       -19907.405                0                0        19888.242                0 
      0.24455424        8.3437034        1.9258743        1.4864619          793.911        -16.83986    -0.0010136529        1.2553884        1.2523384       -19681.248                0                0        19664.408                0 
       0.2707649        8.4018492        1.9280705        1.4906483         791.4221       -16.127933    -0.0010437266        1.2553885        1.2523619       -19529.469                0                0        19513.341                0 
      0.29697556        8.4377902        1.9300609        1.4945583        789.10504        -16.23756    -0.0010636988        1.2553885        1.2523908       -19343.422                0                0        19327.184                0 
      0.35483102         8.488063        1.9339612        1.5024514        784.47276       -21.019014    -0.0010755405        1.2553877        1.2524422       -19011.509                0                0         18990.49                0 
      0.42363194         8.580496        1.9377484        1.5105843        779.75722       -40.599761    -0.0010395604        1.2553847        1.2525048       -18608.175                0                0        18567.576                0 
      0.46887353        8.6685941        1.9397974        1.5152592        777.07818       -67.105083   -0.00099073507        1.2553806        1.2525384       -18391.212                0                0        18324.107                0 
      0.50085601        8.7159836        1.9410969        1.5183014        775.35631       -87.918459   -0.00094568653        1.2553773        1.2525596       -18254.691                0                0        18166.773                0 
      0.53283848         8.745054        1.9423157        1.5211672        773.75743       -101.65219   -0.00089271951        1.2553752        1.2525857       -18086.816                0                0        17985.164                0 
      0.56482096        8.7696826        1.9434689         1.523874        772.27153       -107.25522   -0.00083247774        1.2553743        1.2526074       -17946.417                0                0        17839.162                0 
       0.6039967        8.7927396        1.9448213        1.5270046         770.5888       -110.46094   -0.00074964447        1.2553738        1.2526366       -17758.245                0                0        17647.784                0 
      0.64317245        8.8172014        1.9461162        1.5299447        769.04794       -111.19575   -0.00065775216        1.2553737        1.2526598       -17608.569                0                0        17497.373                0 
      0.68234819        8.8399363        1.9473676        1.5327146        767.63603       -111.11822   -0.00055763671        1.2553737        1.2526834       -17456.674                0                0        17345.556                0 
      0.78544678        8.8692811        1.9507241        1.5394843        764.39349       -110.87464   -0.00026057231        1.2553738        1.2527341       -17129.711                0                0        17018.837                0 
      0.88854538        8.9208862        1.9539303        1.5454016         761.8085        -110.5331    7.6753418e-05        1.2553738        1.2527756       -16862.364                0                0        16751.831                0 
      0.99164397        8.9654679        1.9570665        1.5506552        759.74584       -108.68805    0.00044590915        1.2553741        1.2528138       -16615.741                0                0        16507.053                0 
       1.0947426        9.0050865        1.9601562        1.5553741        758.10155       -105.67755    0.00084061622        1.2553746        1.2528413       -16438.353                0                0        16332.675                0 
       1.1978412        9.0400866        1.9632099        1.5596564        756.79483       -103.72853     0.0012562957        1.2553749        1.2528673       -16271.178                0                0        16167.449                0 
       1.3009397        9.0723329        1.9662157        1.5635698         755.7627       -96.308485     0.0016895282         1.255376        1.2528877       -16139.687                0                0        16043.378                0 
       1.4908682        9.1100914          1.97183        1.5701796        754.35848       -78.343852     0.0025251351        1.2553788        1.2529142       -15968.871                0                0        15890.527                0 
       1.5160083        9.1447144        1.9725013        1.5709431        754.23193       -73.964732     0.0026389025        1.2553795        1.2529177       -15946.022                0                0        15872.058                0 
       1.5411485        9.1506874        1.9731707        1.5716939        754.11428       -69.268317     0.0027533121        1.2553802         1.252921       -15924.868                0                0          15855.6                0 
       1.6072108        9.1605142        1.9749434        1.5736309        753.83719       -57.007295     0.0030568936        1.2553821        1.2529287        -15874.82                0                0        15817.812                0 
       1.7551895        9.1822419        1.9789275        1.5777735        753.36692       -36.124026     0.0037510046        1.2553854        1.2529421       -15788.702                0                0        15752.578                0 
       1.9031683        9.2131008        1.9827348        1.5815403         753.1105       -10.069292     0.0044622167        1.2553894        1.2529536       -15714.467                0                0        15704.398                0 
        2.051147        9.2399987        1.9863693        1.5849874        753.02416        6.2556841     0.0051881267        1.2553919        1.2529612       -15665.365                0                0         15671.62                0 
       2.1991257        9.2636809        1.9898199        1.5881506        753.07497        15.334464     0.0059268186        1.2553934        1.2529661       -15633.914                0                0        15649.249                0 
       2.4348206        9.2898179        1.9950743        1.5927836        753.34951        20.740566     0.0071260563        1.2553942        1.2529697        -15610.95                0                0         15631.69                0 
       2.6705155        9.3195917         1.999873        1.5968591        753.84775        23.558989     0.0083490279        1.2553946          1.25297       -15608.714                0                0        15632.273                0 
        2.788363        9.3380635        2.0020688        1.5986767        754.17704        21.407816     0.0089683886        1.2553943        1.2529694       -15612.881                0                0        15634.289                0 
       2.8655811        9.3467273        2.0034516        1.5998054        754.41508         19.67103     0.0093765517         1.255394        1.2529687       -15617.434                0                0        15637.105                0 
       3.2058736        9.3668917        2.0093326        1.6044858        755.56646        14.704453        0.0111952        1.2553933        1.2529643        -15645.34                0                0        15660.045                0 
       4.2774041        9.4256287        2.0243105        1.6155241        760.27468       -15.206607      0.017071226        1.2553886        1.2529431        -15782.47                0                0        15767.263                0 
       5.3489346        9.4755005        2.0328131        1.6204766        766.66561       -57.370947      0.023052294        1.2553821        1.2529087       -16003.827                0                0        15946.456                0 
       8.4008628        9.5308151        2.0221173        1.6027677        794.40195       -243.26903         0.039902        1.2553532        1.2527608       -16957.349                0                0         16714.08                0 
        9.943044         9.284937        2.0518528        1.6241084        796.54614       -286.92846      0.048222906        1.2553465        1.2527207       -17216.467                0                0        16929.538                0 
       9.9674162        9.3687818        2.0520212        1.6242183        796.63898       -287.23256       0.04835394        1.2553464        1.2527211       -17213.369                0                0        16926.136                0 
       9.9722907        9.3686314        2.0520553        1.6242404        796.65761       -287.69875       0.04838014        1.2553464        1.2527211        -17213.71                0                0        16926.011                0 
        9.976518        9.3686659        2.0520851        1.6242596        796.67379       -288.08693       0.04840286        1.2553463         1.252721       -17214.036                0                0        16925.949                0 
       9.9786317        9.3686771        2.0520999        1.6242692        796.68189       -288.17033       0.04841422        1.2553463         1.252721       -17214.105                0                0        16925.935                0 
       9.9807454        9.3687001        2.0521149        1.6242787           796.69       -288.37126      0.048425579        1.2553462         1.252721       -17214.302                0                0         16925.93                0 
       9.9917741        9.3689919        2.0521929        1.6243287        796.73241       -288.44396      0.048484842        1.2553462         1.252721       -17214.467                0                0        16926.023                0 
       10.018054        9.3695413        2.0523799        1.6244473        796.83417       -289.40821      0.048626013        1.2553461        1.2527207       -17216.153                0                0        16926.745                0 
       10.032175        9.3695688         2.052481        1.6245108        796.88914       -290.47106      0.048701837        1.2553459        1.2527204       -17217.792                0                0        16927.321                0 
       10.039235        9.3696072        2.0525317        1.6245425        796.91669       -290.68398      0.048739741        1.2553459        1.2527204       -17218.323                0                0        16927.639                0 
       10.046296        9.3696879        2.0525823        1.6245741        796.94429       -291.21017       0.04877764        1.2553458        1.2527202       -17219.178                0                0        16927.968                0 
       10.074029        9.3703944        2.0527807        1.6246971         797.0533       -291.30151      0.048926458        1.2553458          1.25272       -17220.713                0                0        16929.412                0 
       10.115386        9.3709876        2.0530746        1.6248774        797.21719       -294.06525      0.049148221        1.2553454        1.2527192        -17226.03                0                0        16931.965                0 
       10.127537        9.3708595        2.0531609          1.62493        797.26554       -294.30271      0.049213345        1.2553453         1.252719       -17227.105                0                0        16932.803                0 
        10.13944        9.3709894        2.0532451        1.6249812        797.31301       -295.02411      0.049277119        1.2553452        1.2527188        -17228.67                0                0        16933.646                0 
       10.180865        9.3720271        2.0535357        1.6251562        797.47941       -294.96595      0.049498952        1.2553452        1.2527183         -17231.8                0                0        16936.834                0 
        10.22229        9.3723774        2.0538232        1.6253275        797.64713       -298.10042        0.0497206        1.2553447        1.2527173       -17238.331                0                0         16940.23                0 
       10.253963        9.3725698        2.0540415        1.6254562        797.77615       -299.98488      0.049889945        1.2553444        1.2527165       -17242.979                0                0        16942.994                0 
       10.261881        9.3723627        2.0540959        1.6254882        797.80847       -300.34118      0.049932265        1.2553444        1.2527164       -17244.053                0                0        16943.712                0 
         10.2698        9.3724478        2.0541503        1.6255201        797.84085       -300.68909      0.049974578        1.2553443        1.2527162       -17245.121                0                0        16944.432                0 
       10.297945        9.3731772        2.0543423        1.6256319        797.95646       -300.18934      0.050124926        1.2553444        1.2527159       -17247.215                0                0        16947.025                0 
       10.354342         9.374013        2.0547215        1.6258498        798.19024       -303.64143      0.050425936        1.2553439        1.2527145       -17256.093                0                0        16952.451                0 
       10.793469        9.3833635        2.0573185        1.6271848        800.13293       -320.29674      0.052758012        1.2553413        1.2527044        -17321.09                0                0        17000.794                0 
       11.555327        9.3913184        2.0608307        1.6285164        803.78797       -352.65909      0.056753824        1.2553363        1.2526847       -17448.562                0                0        17095.903                0 
       11.984902        9.3798944        2.0629094        1.6293136         805.7831       -370.99958      0.058979208        1.2553334        1.2526721       -17529.434                0                0        17158.434                0 
        12.27882        9.3750522        2.0643082        1.6298437        807.12448       -383.67852      0.060490993        1.2553315        1.2526635       -17584.763                0                0        17201.084                0 
       12.299031        9.3685206        2.0644119        1.6298862        807.21392       -384.53863      0.060594633        1.2553313        1.2526629       -17588.872                0                0        17204.334                0 
       12.319243        9.3684826        2.0645149        1.6299283        807.30333       -385.40568      0.060698233        1.2553312        1.2526623       -17592.696                0                0         17207.29                0 
       12.322608        9.3681228        2.0645321        1.6299354        807.31819       -385.52001      0.060715477        1.2553312        1.2526622       -17593.316                0                0        17207.796                0 
       12.325973        9.3681163        2.0645492        1.6299424        807.33305       -385.66612       0.06073272        1.2553312        1.2526621       -17593.956                0                0        17208.289                0 
       12.352892        9.3689072         2.064685        1.6299975        807.45216       -385.58726      0.060870625        1.2553312        1.2526615        -17597.72                0                0        17212.133                0 
       12.420713        9.3696705        2.0650185        1.6301299        807.75337       -388.20462      0.061217737        1.2553308        1.2526596       -17609.842                0                0        17221.638                0 
       12.523106        9.3698053        2.0655075        1.6303188        808.20923       -393.46885      0.061740951        1.2553299        1.2526566       -17629.355                0                0        17235.886                0 
         12.6255        9.3699979        2.0659879        1.6305009        808.66464       -394.60993      0.062263139        1.2553298        1.2526542       -17644.645                0                0        17250.035                0 
       12.727894        9.3690921        2.0664582         1.630676        809.11934       -401.55187      0.062784302        1.2553287        1.2526509       -17665.855                0                0        17264.303                0 
       12.742724        9.3670012        2.0665278        1.6307027        809.18451       -402.36415      0.062859701        1.2553286        1.2526505       -17668.829                0                0        17266.465                0 
       12.757554        9.3670136        2.0665973        1.6307292        809.24967       -402.43813      0.062935078        1.2553286        1.2526502       -17670.939                0                0        17268.501                0 
       12.799989        9.3674038        2.0667929        1.6308027         809.4366        -404.8586      0.063150645        1.2553282        1.2526489       -17679.219                0                0        17274.361                0 
       12.809343        9.3666363        2.0668363        1.6308192        809.47764       -405.05845       0.06319814        1.2553281        1.2526486       -17680.725                0                0        17275.667                0 
         12.8168        9.3665571         2.066871        1.6308323        809.51035       -405.49578      0.063235995        1.2553281        1.2526484       -17682.194                0                0        17276.699                0 
       12.822267        9.3665019        2.0668963        1.6308419        809.53432          -405.63      0.063263744        1.2553281        1.2526483       -17683.083                0                0        17277.453                0 
       12.827733        9.3664903        2.0669217        1.6308515        809.55829       -405.73888      0.063291491         1.255328        1.2526481       -17683.945                0                0        17278.206                0 
       12.847701        9.3668189        2.0670135         1.630886        809.64597       -405.88928      0.063392813         1.255328        1.2526477       -17686.826                0                0        17280.937                0 
        12.89772        9.3672006        2.0672397        1.6309692        809.86619       -408.85977      0.063646454        1.2553276        1.2526462       -17696.593                0                0        17287.733                0 
       12.910622        9.3663187        2.0672986        1.6309912        809.92274       -409.20404      0.063711836        1.2553275        1.2526459       -17698.723                0                0        17289.519                0 
       12.920965        9.3662339        2.0673457        1.6310087        809.96805       -409.46586      0.063764243        1.2553275        1.2526456       -17700.404                0                0        17290.938                0 
       12.935282        9.3663193        2.0674108        1.6310328         810.0308       -409.59912      0.063836769        1.2553274        1.2526453       -17702.492                0                0        17292.893                0 
         12.9496        9.3662373        2.0674757        1.6310568        810.09353       -410.36493      0.063909275        1.2553273        1.2526448       -17705.208                0                0        17294.843                0 
       12.997388        9.3671568        2.0676883        1.6311337        810.30359       -411.07857      0.064151141        1.2553272        1.2526437       -17712.375                0                0        17301.297                0 
       13.098288        9.3674531        2.0681221        1.6312841        810.74916       -417.41934      0.064661097        1.2553262        1.2526406       -17732.329                0                0         17314.91                0 
       13.137377        9.3658193        2.0682928        1.6313447        810.92038       -418.60905      0.064858397         1.255326        1.2526396       -17738.899                0                0         17320.29                0 
       13.166096        9.3654924        2.0684181         1.631389        811.04596       -419.25425      0.065003261        1.2553259        1.2526389       -17743.452                0                0        17324.197                0 
        13.17285         9.364974        2.0684477        1.6313996         811.0754       -419.35545      0.065037317        1.2553259        1.2526388       -17744.478                0                0        17325.122                0 
       13.179604        9.3649276        2.0684773        1.6314101        811.10485       -419.74174      0.065071369        1.2553259        1.2526386       -17745.784                0                0        17326.042                0 
       13.206398        9.3656209        2.0685935         1.631451        811.22191       -419.58222      0.065206415        1.2553259         1.252638       -17749.235                0                0        17329.653                0 
       13.260564        9.3655861         2.068824        1.6315303        811.45906       -423.40091      0.065479216        1.2553253        1.2526362       -17760.731                0                0         17337.33                0 
       13.292984          9.36491        2.0689624        1.6315781        811.60054       -424.63303      0.065642366        1.2553251        1.2526353       -17766.582                0                0        17341.949                0 
       13.309195         9.364525        2.0690318        1.6316022        811.67112       -424.55462      0.065723904        1.2553251         1.252635       -17768.751                0                0        17344.196                0 
       13.325405        9.3643851         2.069101        1.6316262        811.74167       -425.73747      0.065805416        1.2553249        1.2526345       -17772.155                0                0        17346.418                0 
         13.3362        9.3642068        2.0691471        1.6316421        811.78862       -426.16035      0.065859686        1.2553249        1.2526342       -17774.055                0                0        17347.894                0 
       13.346996        9.3641527        2.0691932        1.6316581        811.83555       -426.58657      0.065913945        1.2553248        1.2526339       -17775.952                0                0        17349.366                0 
       13.352601        9.3640054        2.0692171        1.6316663         811.8599       -426.80541      0.065942116        1.2553248        1.2526337       -17776.935                0                0         17350.13                0 
       13.358207        9.3640046         2.069241        1.6316746        811.88426       -426.76767      0.065970283        1.2553248        1.2526336        -17777.66                0                0        17350.893                0 
       13.381416        9.3642201         2.069339        1.6317081        811.98524       -428.40455      0.066086878        1.2553245        1.2526329       -17782.429                0                0        17354.024                0 
       13.408049        9.3641628        2.0694509        1.6317461        812.10111       -429.41879      0.066220606        1.2553244        1.2526322       -17786.994                0                0        17357.576                0 
       13.434682        9.3641553        2.0695624        1.6317837        812.21693       -429.18184      0.066354268        1.2553244        1.2526316       -17790.344                0                0        17361.162                0 
       13.465243        9.3643383        2.0696897        1.6318264        812.34982       -430.10893      0.066507562        1.2553243        1.2526309       -17795.373                0                0        17365.264                0 
       13.495804        9.3638047        2.0698164        1.6318686        812.48261       -432.55937      0.066660768        1.2553239        1.2526298       -17801.924                0                0        17369.365                0 
       13.515331        9.3634275        2.0698974        1.6318957        812.56729       -433.44746      0.066758614        1.2553237        1.2526293        -17805.44                0                0        17371.993                0 
       13.526269        9.3631708        2.0699429         1.631911        812.61466       -433.91777      0.066813406        1.2553237         1.252629       -17807.383                0                0        17373.465                0 
       13.537207         9.363152        2.0699883        1.6319262        812.66202       -433.89419      0.066868187        1.2553237        1.2526288       -17808.827                0                0        17374.933                0 
       13.575893        9.3634991        2.0701463        1.6319779        812.82995       -436.30107      0.067061853        1.2553233        1.2526276       -17816.379                0                0        17380.078                0 
       13.674302        9.3642587        2.0705339        1.6320979        813.25949       -440.77085      0.067553864        1.2553226        1.2526249       -17833.858                0                0        17393.087                0 
       13.718639        9.3628035        2.0707117        1.6321545        813.45146       -440.96785      0.067775238        1.2553226        1.2526239       -17840.042                0                0        17399.074                0 
       13.724783        9.3618357        2.0707367        1.6321627        813.47792       -441.50531      0.067805902        1.2553225        1.2526237       -17841.418                0                0        17399.912                0 
       13.730928        9.3618184        2.0707616        1.6321708        813.50438       -441.53987      0.067836562        1.2553225        1.2526236       -17842.283                0                0        17400.743                0 
       13.754275         9.361984        2.0708554        1.6322008        813.60509       -443.41299      0.067953035        1.2553222        1.2526228        -17847.21                0                0        17403.797                0 
       13.828706        9.3626645        2.0711452        1.6322895        813.92765       -447.01789      0.068324017        1.2553216        1.2526207       -17860.626                0                0        17413.608                0 
       13.873998        9.3618025        2.0713228        1.6323444        814.12297       -447.37082      0.068549511        1.2553216        1.2526197       -17867.023                0                0        17419.652                0 
       13.905248        9.3612023        2.0714455        1.6323826        814.25737       -449.16933      0.068704986        1.2553213        1.2526188        -17872.98                0                0         17423.81                0 
       13.936498        9.3610825        2.0715676        1.6324203        814.39166       -449.60349      0.068860372        1.2553212        1.2526181       -17877.543                0                0         17427.94                0 
       13.937101        9.3603505          2.07157         1.632421        814.39424       -449.62797      0.068863369        1.2553212        1.2526181        -17877.65                0                0        17428.022                0 
       13.937263        9.3603384        2.0715707        1.6324212        814.39493       -449.67405      0.068864172        1.2553212        1.2526181       -17877.718                0                0        17428.044                0 
       13.938555        9.3603618        2.0715758        1.6324229        814.40046       -449.65573      0.068870598        1.2553212        1.2526181       -17877.875                0                0         17428.22                0 
       13.941141        9.3603643         2.071586        1.6324261        814.41153       -449.92027       0.06888345        1.2553212         1.252618       -17878.488                0                0        17428.568                0 
       13.943726        9.3603571        2.0715962        1.6324293         814.4226       -449.94473      0.068896301        1.2553212        1.2526179       -17878.859                0                0        17428.914                0 
       13.946312        9.3603365        2.0716064        1.6324325        814.43366       -450.10146      0.068909152        1.2553212        1.2526178       -17879.361                0                0         17429.26                0 
       13.948898        9.3603263        2.0716166        1.6324357        814.44473          -450.15      0.068922002        1.2553212        1.2526178       -17879.754                0                0        17429.604                0 
       13.961823        9.3604414        2.0716673        1.6324515        814.50009       -451.18322      0.068986231         1.255321        1.2526173       -17882.497                0                0        17431.313                0 
       13.995879        9.3608124        2.0717991        1.6324917        814.64626        -451.5624      0.069155386        1.2553209        1.2526166       -17887.346                0                0        17435.783                0 
       14.008821        9.3602131        2.0718495        1.6325072        814.70163       -452.14876      0.069219643        1.2553208        1.2526162       -17889.652                0                0        17437.503                0 
       14.021763        9.3601221        2.0718999        1.6325228        814.75698       -452.72843      0.069283884        1.2553208        1.2526159       -17891.941                0                0        17439.213                0 
        14.03416        9.3599635         2.071948        1.6325376        814.80997       -453.93509      0.069345405        1.2553206        1.2526154       -17894.783                0                0        17440.848                0 
       14.046557        9.3599213        2.0719961        1.6325523        814.86294       -454.03667      0.069406911        1.2553206        1.2526152       -17896.518                0                0        17442.481                0 
       14.145731        9.3610058        2.0723617        1.6326554        815.29036       -461.05108      0.069898465        1.2553195        1.2526121       -17916.193                0                0        17455.142                0 
       14.244905        9.3604448        2.0727241        1.6327559        815.71661       -463.09833      0.070389127        1.2553191        1.2526098       -17931.392                0                0        17468.293                0 
       14.319471         9.359348        2.0729975        1.6328323        816.03532       -465.05906      0.070757452        1.2553188        1.2526079       -17943.194                0                0        17478.135                0 
       14.394037        9.3588832        2.0732684         1.632907        816.35326       -467.01667      0.071125278        1.2553185        1.2526061       -17954.889                0                0        17487.873                0 
       14.411221        9.3573197        2.0733323        1.6329255        816.42591       -468.04074      0.071209975        1.2553184        1.2526056       -17958.285                0                0        17490.245                0 
       14.422066        9.3570751        2.0733726        1.6329372        816.47171       -468.69435      0.071263419        1.2553183        1.2526053       -17960.378                0                0        17491.683                0 
       14.445498        9.3572324        2.0734588        1.6329618        816.57075       -469.34596      0.071378846        1.2553182        1.2526047       -17964.046                0                0          17494.7                0 
       14.449399        9.3567305        2.0734733         1.632966        816.58719       -469.61426      0.071398058        1.2553181        1.2526046       -17964.828                0                0        17495.214                0 
       14.452939        9.3567004        2.0734864        1.6329698        816.60211       -469.72157      0.071415492        1.2553181        1.2526045       -17965.401                0                0        17495.679                0 
        14.46002        9.3566866        2.0735126        1.6329773        816.63195       -470.51848      0.071450356         1.255318        1.2526042       -17967.124                0                0        17496.605                0 
         14.4671        9.3566464        2.0735388        1.6329849        816.66178       -470.69748      0.071485215         1.255318         1.252604       -17968.228                0                0         17497.53                0 
       14.523742        9.3574088        2.0737422        1.6330405        816.90167       -472.93439      0.071763932        1.2553176        1.2526026       -17977.711                0                0        17504.777                0 
       14.593804        9.3572504        2.0739905        1.6331067        817.19826         -475.186       0.07210829        1.2553173        1.2526008       -17989.049                0                0        17513.863                0 
       14.663866        9.3564359         2.074237        1.6331718        817.49408       -480.65471      0.072452218        1.2553164        1.2525986       -18003.549                0                0        17522.895                0 
       14.733928        9.3559282        2.0744851        1.6332373        817.78913       -482.78048       0.07279572        1.2553161        1.2525969       -18014.382                0                0        17531.601                0 
       14.803989        9.3554179        2.0747314        1.6333016        818.08343       -485.20477      0.073138791        1.2553157        1.2525951       -18025.667                0                0        17540.462                0 
       15.050556        9.3575731        2.0755017        1.6334515        819.13629       -496.14312      0.074342746         1.255314        1.2525886       -18067.707                0                0        17571.564                0 
        15.65506        9.3602874        2.0768992         1.633423        821.80108       -522.72398      0.077272206        1.2553099        1.2525725        -18171.75                0                0        17649.026                0 
       16.259564        9.3510214        2.0784001        1.6334893        824.35981       -548.66978      0.080171074        1.2553059        1.2525563       -18275.788                0                0        17727.118                0 
       16.864068        9.3427645        2.0799557        1.6336307        826.81119       -574.19706      0.083041129        1.2553019        1.2525408       -18376.173                0                0        17801.976                0 
       17.468571        9.3353893        2.0815341        1.6338262        829.16156       -599.21346      0.085883686         1.255298        1.2525258       -18472.552                0                0        17873.339                0 
       18.073075        9.3286208        2.0831086        1.6340558        831.41885       -624.82319      0.088699554        1.2552941        1.2525112       -18567.067                0                0        17942.244                0 
       19.545427         9.332511         2.084569        1.6327083        837.32743       -686.30693      0.095449564        1.2552845        1.2524762       -18792.488                0                0        18106.181                0 
       22.501827        9.3174215        2.0839458        1.6273184        849.14404       -814.08193       0.10857771        1.2552647        1.2524057       -19247.145                0                0        18433.063                0 
       24.074026        9.2340751        2.0955751        1.6349598        850.80345       -862.23867       0.11537347        1.2552572        1.2523838       -19388.127                0                0        18525.888                0 
       25.269678        9.2706076        2.0988905        1.6364137        853.32782        -897.2586       0.12045661        1.2552518        1.2523707       -19472.411                0                0        18575.152                0 
       27.743454        9.2794634        2.1008139         1.635149        859.73146       -989.88002       0.13069768        1.2552374        1.2523326       -19718.617                0                0        18728.737                0 
       30.217231        9.2514776        2.1084455        1.6390984        863.35316       -1066.8394       0.14063743        1.2552255        1.2523052       -19894.737                0                0        18827.897                0 
       32.691008         9.261445        2.1101051        1.6382879        868.13714         -1149.19       0.15028664        1.2552127        1.2522769       -20077.516                0                0        18928.326                0 
       34.452473        9.2379747        2.1146544        1.6407193        870.02377       -1202.0931       0.15700197        1.2552045        1.2522614       -20177.679                0                0        18975.586                0 
       36.213937        9.2461513        2.1168163        1.6413178         872.3156       -1255.6396       0.16359368        1.2551962        1.2522473       -20268.316                0                0        19012.677                0 
       41.213937        9.2496613        2.1101775        1.6323636        882.05921       -1434.8386       0.18166842        1.2551684        1.2521914       -20629.014                0                0        19194.176                0 
       43.306151        9.1627791        2.1299158         1.648213         877.7643       -1458.4114       0.18905479        1.2551648        1.2522022       -20559.072                0                0        19100.661                0 
       45.062307        9.2653673        2.1254141        1.6438864        880.83727       -1513.3941       0.19511141        1.2551562        1.2521941       -20611.349                0                0        19097.955                0 
       46.449755        9.2297524        2.1267569        1.6443549        881.80483       -1552.0344        0.1998122        1.2551502        1.2521851       -20669.463                0                0        19117.428                0 
       47.837204        9.2297585        2.1278704        1.6447824        882.64843       -1589.0195       0.20446392        1.2551445        1.2521794       -20706.239                0                0        19117.219                0 
        48.59445        9.2284343        2.1284718        1.6450285        883.06945       -1609.0406       0.20698138        1.2551414        1.2521765       -20724.948                0                0        19115.908                0 
       48.619849        9.2271465        2.1284934         1.645038        883.08273       -1609.7129       0.20706556        1.2551413        1.2521764       -20725.651                0                0        19115.938                0 
       48.624928        9.2271236        2.1284977        1.6450399        883.08538       -1609.8472        0.2070824        1.2551413        1.2521763       -20725.779                0                0        19115.932                0 
       48.630008        9.2271277         2.128502        1.6450418        883.08803       -1609.9815       0.20709923        1.2551413        1.2521763       -20725.908                0                0        19115.927                0 
       48.648783        9.2271611        2.1285178        1.6450488        883.09783       -1610.4775       0.20716144        1.2551412        1.2521763       -20726.371                0                0        19115.894                0 
       48.705302         9.227257        2.1285646        1.6450693        883.12737       -1611.9681       0.20734866         1.255141         1.252176       -20727.729                0                0        19115.761                0 
       48.832498        9.2274508        2.1286665        1.6451132        883.19404       -1615.3119       0.20776971        1.2551404        1.2521756       -20730.727                0                0        19115.416                0 
       49.145451        9.2279236        2.1289027        1.6452104        883.35966       -1623.5215       0.20880389        1.2551392        1.2521745       -20737.869                0                0        19114.348                0 
       49.835817         9.228807        2.1293526        1.6453715        883.73301       -1641.6469        0.2110764        1.2551364        1.2521721       -20753.358                0                0        19111.711                0 
              50        9.2276737        2.1294686        1.6454178        883.81644       -1645.9506       0.21161506        1.2551357        1.2521715        -20757.15                0                0          19111.2                0 
