%(1)r,m	(2)ne,10^20/m^3	(3)nD,10^20/m^3	(4)nT,10^20/m^3	(5)nHe,10^20/m^3	(6)Te,keV	(7)TD,keV	(8)TT,keV	(9)Er,kV/m	(10)Zeff	(11)pressure,Pa	(12)PNBIe	(13)PNBIi	(14)PECRH	(15)Palpha	(16)D11e,m^2/s	(17)D12e	(18)D21e	(19)D22e	(20)D11D	(21)D12D	(22)D21D	(23)D22D	(24)D11T	(25)D12T	(26)D21T	(27)D22T	(28)D31e	(29)D32e	(30)D31D	(31)D32D	(32)D31T	(33)D32T	(34)Dpsi	(35)Sigma,A/V/m	(36)DeAno	(37)XeAno	(38)XiAno	(39)beta	(40)Nue	(41)NuD	(42)NuT	(43)roStarD	(44)roStarT	(45)FluxN	(46)FluxQe	(47)FluxQi	(48)FluxNeo	(49)FluxAno	(50)FluxQeNeo	(51)FluxQiNeo	(52)FluxQeAno	(53)FluxQiAno	(54)AmbiFlux	(55)J_bse,A/m^2	(56)J_bsi	(57)J_bs,A/m^2	(58)J_eccd	(59)J_nbcd	(60)J_cd	(61)J_ohm	(62)J_tor	(63)I_bs,A	(64)I_eccd	(65)I_nbcd	(66)I_cd	(67)I_tor	(68)I_ohm	(69)iotaCF	(70)iotaBS	(71)iota	
0	1.9235	0.65696	0.65696	0.30479	23.846	23.758	23.754	0	1.3169	1.351e+06	0	0	0	1.2931	0.0086984	0.022406	0.035453	0.12599	0.0084989	0.0090031	0.021751	0.054825	0.0083651	0.0089044	0.021452	0.055905	812.42	1859.5	72.478	292.71	73.965	278.89	0.00075192	1.0583e+09	0.017583	0.38096	0.38096	13.219	0.0018685	0.00092783	0.00082014	0.0030801	0.0037721	0.00089121	0.0068058	0.0051042	0.0006248	0.0002664	0.0016565	0.00094595	0.0051493	0.0041583	6.9812e-05	0	0	0	0	0	0	-18844	-18844	0	0	0	0	0	0	0.97328	0.96639	0.94429	
0.040898	1.9232	0.65694	0.65694	0.30465	23.837	23.747	23.744	0.74393	1.3168	1.3503e+06	0	0	0	1.2925	0.0087368	0.022465	0.03557	0.12617	0.0085029	0.0089779	0.021732	0.05419	0.0083691	0.0088746	0.021428	0.055285	806.01	1838.4	77.482	302.25	78.975	288.09	0.00075229	1.0578e+09	0.017586	0.38102	0.38102	13.212	0.001873	0.00093017	0.00082221	0.0030793	0.003771	0.001786	0.01362	0.010195	0.0012531	0.00053289	0.003318	0.0018774	0.010302	0.008318	6.4948e-05	-1403.9	213.63	-1190.3	0	0	0	-18844	-20034	-6.7915	0	0	0	-114.31	-107.52	0.97312	0.9714	0.94413	
0.081796	1.9213	0.65687	0.65687	0.3038	23.786	23.684	23.68	1.4934	1.3162	1.346e+06	0	0	0	1.2884	0.0088503	0.022608	0.035883	0.12658	0.0084951	0.0090095	0.021752	0.054357	0.0083649	0.0088873	0.021435	0.055416	778.59	1750.8	96.17	337.05	97.626	321.59	0.00075449	1.0547e+09	0.017603	0.38139	0.38139	13.17	0.0018857	0.00093723	0.00082843	0.0030743	0.0037649	0.0035934	0.027218	0.020362	0.0025172	0.0010762	0.0066371	0.003762	0.020581	0.0166	7.7481e-05	-2691.8	527.74	-2164	0	0	0	-19264	-21428	-38.269	0	0	0	-473.06	-434.79	0.97247	0.97004	0.94247	
0.12269	1.9182	0.65673	0.65673	0.30237	23.701	23.579	23.575	2.2496	1.3153	1.3388e+06	0	0	0	1.2817	0.009033	0.022847	0.036397	0.12739	0.0084976	0.0090891	0.021836	0.054944	0.0083735	0.0089344	0.021495	0.055884	735.1	1615.2	124.99	390.34	126.32	372.76	0.00075817	1.0496e+09	0.017632	0.38202	0.38202	13.1	0.0019022	0.00094667	0.00083677	0.0030661	0.0037549	0.0054057	0.040742	0.030468	0.0037934	0.0016122	0.0099477	0.0056668	0.030795	0.024802	5.2436e-05	-3755.1	1023.2	-2731.9	0	0	0	-19959	-22691	-109.68	0	0	0	-1105.6	-995.88	0.97139	0.96829	0.94022	
0.16359	1.9139	0.65654	0.65654	0.30038	23.582	23.433	23.429	3.0103	1.3139	1.3288e+06	0	0	0	1.2723	0.0092785	0.023172	0.03709	0.12851	0.0085166	0.009198	0.021973	0.055621	0.0084012	0.0089983	0.0216	0.056326	677.42	1439.9	161.88	457.95	162.97	437.63	0.00076335	1.0425e+09	0.017672	0.38288	0.38288	13.003	0.0019227	0.00095862	0.00084732	0.0030547	0.0037409	0.0072351	0.054158	0.040479	0.005091	0.0021441	0.013252	0.0075844	0.040907	0.032895	-1.9053e-05	-4526.9	1759.7	-2767.2	0	0	0	-20911	-23678	-219.44	0	0	0	-2033.1	-1813.6	0.96986	0.96638	0.93762	
0.20449	1.9083	0.65629	0.65629	0.29785	23.43	23.247	23.242	3.7695	1.3122	1.3161e+06	0	0	0	1.2602	0.0095838	0.02358	0.037956	0.12994	0.0085604	0.0093371	0.022178	0.056321	0.0084572	0.009085	0.021771	0.056704	607.63	1234	204.72	535.76	205.42	512.16	0.00077005	1.0334e+09	0.017723	0.384	0.384	12.878	0.0019473	0.00097312	0.00086011	0.0030401	0.003723	0.0091095	0.067434	0.050363	0.0064246	0.0026849	0.01656	0.0095133	0.050873	0.04085	-0.00013043	-4973	2775.6	-2197.5	0	0	0	-22091	-24289	-345	0	0	0	-3263.5	-2918.5	0.96791	0.96441	0.93477	
0.24539	1.9015	0.65596	0.65596	0.29477	23.245	23.022	23.017	4.5175	1.31	1.3007e+06	0	0	0	1.2453	0.0099467	0.024075	0.038995	0.13172	0.0086379	0.0095152	0.022472	0.057098	0.0085509	0.0092114	0.022038	0.057126	527.73	1006	251.53	619.96	251.59	592.44	0.00077832	1.0224e+09	0.017787	0.38538	0.38538	12.728	0.0019756	0.00098999	0.00087501	0.0030224	0.0037012	0.011037	0.08053	0.060088	0.0078059	0.0032313	0.019882	0.011458	0.060647	0.04863	-0.00026349	-5075.3	4084.7	-990.57	0	0	0	-23463	-24453	-441.29	0	0	0	-4788.2	-4346.9	0.96552	0.9624	0.93175	
0.28629	1.8934	0.65552	0.65552	0.29118	23.028	22.76	22.754	5.2429	1.3076	1.2828e+06	0	0	0	1.2276	0.010366	0.024682	0.040231	0.13435	0.0087556	0.009743	0.022876	0.058049	0.0086902	0.009397	0.022432	0.057747	439.53	763.28	300.3	706.73	299.51	674.79	0.00078821	1.0096e+09	0.017862	0.38702	0.38702	12.552	0.0020083	0.0010096	0.00089229	0.0030017	0.0036758	0.012991	0.093442	0.069626	0.0092432	0.0037475	0.023284	0.013422	0.070158	0.056204	-0.0004857	-4820	5670.9	850.98	0	0	0	-24995	-24144	-441.26	0	0	0	-6580.9	-6139.6	0.96269	0.9604	0.92858	
0.32719	1.8843	0.65505	0.65505	0.2871	22.78	22.461	22.454	5.9266	1.3047	1.2624e+06	0	0	0	1.2073	0.010842	0.025374	0.041638	0.13705	0.0089271	0.010039	0.02343	0.059287	0.0088896	0.0096692	0.023004	0.058723	344.81	513.06	349.24	792.71	347.42	756.05	0.00079976	9.9502e+08	0.017949	0.38889	0.38889	12.353	0.0020462	0.0010323	0.00091245	0.002978	0.0036467	0.015019	0.10602	0.078945	0.010758	0.0042618	0.02668	0.015447	0.079345	0.063498	-0.00058692	-4241.7	7503.4	3261.7	0	0	0	-26660	-23398	-259.67	0	0	0	-8600	-8340.4	0.95942	0.95839	0.92528	
0.36808	1.874	0.65443	0.65443	0.28257	22.502	22.129	22.12	6.56	1.3016	1.2397e+06	0	0	0	1.1842	0.011364	0.026159	0.043206	0.14018	0.0091488	0.010395	0.024119	0.06077	0.0091493	0.010029	0.023753	0.060058	244.76	260.17	396.86	874.99	393.7	833.11	0.00081304	9.7876e+08	0.018047	0.39103	0.39103	12.131	0.0020896	0.0010584	0.00093551	0.0029516	0.0036142	0.01719	0.11834	0.088016	0.012385	0.0048043	0.030166	0.01755	0.088179	0.070466	-0.00074404	-3365.3	9540.5	6175.2	0	0	0	-28420	-22245	202.34	0	0	0	-10792	-10994	0.95572	0.95635	0.92185	
0.40898	1.8625	0.65366	0.65366	0.2776	22.195	21.765	21.755	7.1293	1.2981	1.2149e+06	0	0	0	1.1582	0.011923	0.027034	0.044918	0.14377	0.0094269	0.010822	0.024962	0.06254	0.0094761	0.010484	0.024698	0.061775	140.55	9.0178	441.73	950.82	436.99	903.48	0.00082813	9.6093e+08	0.018158	0.39343	0.39343	11.888	0.0021387	0.001088	0.00096169	0.0029225	0.0035785	0.019425	0.13033	0.096821	0.014119	0.0053059	0.033718	0.01972	0.096614	0.0771	-0.00092955	-2194	11702	9508	0	0	0	-30228	-20720	1053	0	0	0	-13093	-14146	0.95119	0.95387	0.91788	
0.44988	1.8501	0.65278	0.65278	0.27226	21.861	21.372	21.359	7.6186	1.2943	1.1881e+06	0	0	0	1.1296	0.012435	0.027922	0.046575	0.14766	0.0097599	0.011237	0.025877	0.064132	0.0099029	0.011028	0.025883	0.063646	19.923	-246.51	477.92	1003.4	470.78	949.06	0.00084506	9.4167e+08	0.018281	0.39608	0.39608	11.626	0.0021948	0.0011217	0.00099152	0.0028909	0.0035396	0.021727	0.14192	0.10532	0.015955	0.0057728	0.037334	0.021892	0.10459	0.083427	-0.00090031	-679.73	13766	13086	0	0	0	-32036	-18949	2399.6	0	0	0	-15435	-17835	0.94596	0.95101	0.91347	
0.49078	1.8367	0.65176	0.65176	0.26659	21.501	20.95	20.936	8.0302	1.2903	1.1596e+06	0	0	0	1.0984	0.012873	0.02879	0.048099	0.15171	0.010123	0.011611	0.026796	0.065478	0.010415	0.011614	0.027236	0.065525	-111.74	-500.1	506.54	1036.4	496.32	974.33	0.00086396	9.2108e+08	0.018414	0.39897	0.39897	11.347	0.0022582	0.0011599	0.0010252	0.002857	0.0034979	0.024158	0.15307	0.11342	0.017903	0.0062552	0.041001	0.024026	0.11207	0.089389	-0.00097084	1145	15705	16850	0	0	0	-33790	-16941	4345.3	0	0	0	-17750	-22095	0.94092	0.94861	0.90951	
0.53168	1.8223	0.65052	0.65052	0.26063	21.117	20.504	20.489	8.3578	1.286	1.1294e+06	0	0	0	1.0645	0.013248	0.029606	0.049478	0.15555	0.010508	0.012043	0.027806	0.067806	0.010983	0.012269	0.028744	0.068465	-242.72	-747.83	531.48	1061.9	518.12	993.02	0.00088497	8.9921e+08	0.018559	0.40212	0.40212	11.051	0.0023287	0.0012025	0.0010629	0.0028208	0.0034535	0.026674	0.16374	0.12138	0.019945	0.0067289	0.044624	0.026372	0.11911	0.095003	-0.0006769	3267	17591	20858	0	0	0	-35442	-14585	6999.5	0	0	0	-19954	-26953	0.93593	0.94649	0.90583	
0.57257	1.807	0.6491	0.6491	0.25442	20.711	20.033	20.019	8.6266	1.2816	1.0978e+06	0	0	0	1.0281	0.013518	0.030289	0.050565	0.15877	0.010871	0.012364	0.02867	0.068951	0.011554	0.012779	0.03011	0.069969	-368.28	-982.12	555.02	1083.2	536.32	1006	0.00090826	8.7615e+08	0.018716	0.40551	0.40551	10.742	0.0024069	0.00125	0.0011047	0.0027824	0.0034066	0.029231	0.17381	0.1287	0.022015	0.0072165	0.048048	0.028325	0.12577	0.10037	-0.0012327	5613.1	19461	25074	0	0	0	-36947	-11873	10479	0	0	0	-21944	-32423	0.93068	0.94431	0.90213	
0.61347	1.7908	0.64738	0.64738	0.248	20.282	19.54	19.527	8.7886	1.277	1.0648e+06	0	0	0	0.98906	0.01368	0.030812	0.051333	0.16133	0.01124	0.012717	0.029577	0.070428	0.012136	0.013257	0.031461	0.071614	-484.89	-1198.5	573.52	1097	552.39	1016.9	0.00093403	8.5198e+08	0.018886	0.4092	0.4092	10.419	0.0024932	0.0013027	0.0011509	0.002742	0.0033573	0.031833	0.18311	0.13571	0.024103	0.0077297	0.051238	0.030234	0.13188	0.10547	-0.0017485	8161.6	21231	29393	0	0	0	-38261	-8868	14896	0	0	0	-23614	-38510	0.92523	0.94211	0.89848	
0.65437	1.7736	0.64541	0.64541	0.24137	19.835	19.026	19.017	8.7994	1.2722	1.0306e+06	0	0	0	0.94762	0.013815	0.031444	0.052166	0.16477	0.01163	0.013162	0.030607	0.072533	0.012718	0.013719	0.032796	0.073615	-590.18	-1395.4	589.38	1107.5	569.56	1033	0.0009624	8.2686e+08	0.019069	0.41317	0.41317	10.084	0.0025879	0.0013612	0.0012021	0.0026997	0.0033057	0.034629	0.19144	0.14212	0.026357	0.0082722	0.054514	0.032077	0.13692	0.11005	-0.0055954	10852	22895	33747	0	0	0	-39349	-5602	20351	0	0	0	-24852	-45204	0.92007	0.94034	0.89532	
0.69527	1.7553	0.64311	0.64311	0.23453	19.374	18.497	18.491	8.3281	1.2672	9.9546e+05	0	0	0	0.90392	0.014202	0.032979	0.054282	0.17337	0.012265	0.014282	0.03268	0.078357	0.013389	0.014543	0.034626	0.078513	-687.62	-1584.6	607.92	1126.6	594.93	1064.7	0.00099335	8.0111e+08	0.019268	0.41747	0.41747	9.7406	0.0026904	0.0014254	0.0012582	0.0026557	0.0032521	0.038202	0.19686	0.14701	0.029281	0.0089207	0.05869	0.034306	0.13817	0.1127	-0.020329	13737	24220	37957	0	0	0	-40191	-2234	26924	0	0	0	-25561	-52484	0.91497	0.93874	0.8924	
0.73617	1.7357	0.64045	0.64045	0.2274	18.92	17.968	17.964	6.1074	1.262	9.6032e+05	0	0	0	0.859	0.016759	0.041619	0.066758	0.2228	0.015307	0.020394	0.043355	0.10986	0.015731	0.019892	0.04349	0.10811	-811.1	-1874.1	650.02	1205.3	649.01	1158.3	0.0010255	7.7598e+08	0.019485	0.42218	0.42218	9.3968	0.0027946	0.001493	0.0013175	0.0026114	0.0031979	0.042318	0.18373	0.13376	0.033953	0.0083653	0.066281	0.038341	0.11745	0.095421	-0.061684	15988	21892	37880	0	0	0	-40825	-2944.8	34262	0	0	0	-26064	-60326	0.90988	0.93688	0.88933	
0.77707	1.7202	0.63738	0.63738	0.2227	18.602	17.617	17.608	-1.421	1.2589	9.3523e+05	0	0	0	0.82536	0.026466	0.082513	0.12221	0.49618	0.067126	0.10895	0.20964	0.55883	0.064174	0.10379	0.20005	0.53517	-965.34	-2412.1	748.47	1479.3	766.56	1463.2	0.0010498	7.5799e+08	0.019661	0.426	0.426	9.1513	0.0028722	0.001541	0.0013604	0.0025795	0.0031584	0.078354	0.23454	0.18302	0.070563	0.0077905	0.14166	0.11122	0.092874	0.071799	0.086062	27446	13519	40965	0	0	0	-41624	-659.14	42311	0	0	0	-26425	-68736	0.90518	0.93516	0.88645	
0.81796	1.7033	0.63384	0.63384	0.2178	18.314	17.319	17.305	-1.5779	1.2557	9.1183e+05	0	0	0	0.79466	0.023895	0.073869	0.10971	0.44191	0.057752	0.093705	0.18033	0.48299	0.055488	0.089807	0.17304	0.46524	-959.31	-2360.3	744.19	1439.4	759.31	1416.5	0.0010728	7.418e+08	0.019856	0.43022	0.43022	8.9223	0.0029408	0.0015802	0.0013955	0.0025514	0.0031236	0.073688	0.22069	0.16353	0.06494	0.0087476	0.1273	0.093428	0.093391	0.070101	0.00029719	28018	13172	41190	0	0	0	-42341	-1151.1	51116	0	0	0	-26621	-77737	0.90052	0.93329	0.88345	
0.85886	1.6841	0.62979	0.62979	0.21227	17.995	16.988	16.971	-1.7096	1.2521	8.8599e+05	0	0	0	0.76076	0.021329	0.065517	0.097511	0.39054	0.050714	0.082476	0.15855	0.42695	0.048989	0.079483	0.15297	0.4134	-938.88	-2279.2	732.74	1391	745.02	1362.6	0.0010991	7.2404e+08	0.020082	0.43511	0.43511	8.6694	0.0030167	0.0016241	0.0014347	0.0025208	0.0030857	0.074312	0.22685	0.16879	0.064306	0.010006	0.12341	0.091049	0.10344	0.077744	-0.00018887	30302	14420	44722	0	0	0	-42793	1929	60775	0	0	0	-26525	-87300	0.89633	0.93178	0.88086	
0.89976	1.6625	0.62516	0.62516	0.20611	17.642	16.625	16.604	-1.8577	1.2479	8.5765e+05	0	0	0	0.72373	0.018772	0.057269	0.085427	0.34012	0.044181	0.072029	0.1383	0.37449	0.042954	0.069841	0.13427	0.36464	-905.7	-2171.5	710.64	1325.3	723.46	1299.1	0.0011295	7.0453e+08	0.020343	0.44076	0.44076	8.3921	0.0031019	0.0016732	0.0014782	0.0024876	0.0030448	0.074208	0.23232	0.1731	0.062796	0.011412	0.11773	0.087381	0.11459	0.085723	-0.00035028	32352	15508	47859	0	0	0	-42946	4913.6	71656	0	0	0	-25714	-97370	0.89263	0.93088	0.87891	
0.94066	1.6382	0.61986	0.61986	0.19925	17.252	16.226	16.204	-2.0359	1.2433	8.2668e+05	0	0	0	0.68346	0.016295	0.049323	0.073765	0.2917	0.03806	0.062156	0.11925	0.32458	0.037274	0.060652	0.11656	0.31786	-862.06	-2043.4	684.24	1255.8	695.71	1228.6	0.0011649	6.8312e+08	0.020645	0.4473	0.4473	8.0891	0.0031983	0.0017281	0.0015269	0.0024519	0.0030009	0.073352	0.23708	0.17687	0.060399	0.012953	0.11028	0.08248	0.1268	0.094392	-0.00049495	34070	16495	50565	0	0	0	-42773	7792	83724	0	0	0	-24150	-1.0787e+05	0.88941	0.93051	0.87756	
0.98156	1.6112	0.61392	0.61392	0.19169	16.82	15.79	15.767	-2.2569	1.2379	7.9308e+05	0	0	0	0.64009	0.013967	0.041886	0.062837	0.24653	0.032442	0.052965	0.10163	0.27778	0.032032	0.052012	0.10006	0.27358	-810.4	-1901.4	650	1173.8	662.74	1152.8	0.0012063	6.5971e+08	0.020991	0.4548	0.4548	7.7603	0.0033086	0.0017903	0.0015818	0.0024144	0.0029549	0.071844	0.24109	0.18012	0.057181	0.014663	0.10131	0.076449	0.13978	0.10367	-0.00072627	35401	17288	52689	0	0	0	-42263	10426	96911	0	0	0	-21817	-1.1873e+05	0.88683	0.9308	0.87693	
1.0225	1.5811	0.60716	0.60716	0.18339	16.345	15.315	15.292	-2.5405	1.232	7.5679e+05	0	0	0	0.59361	0.011816	0.035036	0.052759	0.20506	0.027382	0.044542	0.085614	0.23464	0.027272	0.043997	0.084905	0.23228	-753.08	-1753	612.09	1090.4	624.46	1071.1	0.0012547	6.3424e+08	0.021391	0.46346	0.46346	7.4052	0.0034352	0.0018609	0.001644	0.0023738	0.0029051	0.06973	0.24434	0.18282	0.053181	0.016549	0.091043	0.069405	0.15329	0.11342	-0.0012945	36321	17859	54180	0	0	0	-41419	12762	1.1111e+05	0	0	0	-18732	-1.2984e+05	0.88465	0.93143	0.87677	
1.0634	1.5479	0.59957	0.59957	0.17439	15.825	14.802	14.778	-2.9356	1.2253	7.1798e+05	0	0	0	0.54437	0.0098643	0.028799	0.043595	0.16734	0.023019	0.037063	0.071592	0.1958	0.023131	0.036729	0.071425	0.19431	-695.75	-1623.6	570.06	1008.9	580.4	985.81	0.0013117	6.0667e+08	0.021849	0.4734	0.4734	7.0255	0.0035813	0.0019413	0.0017147	0.0023295	0.0028508	0.066983	0.2467	0.18496	0.048457	0.018526	0.079713	0.061534	0.16699	0.12343	-0.0012595	37198	18084	55282	0	0	0	-40246	15036	1.2621e+05	0	0	0	-14892	-1.411e+05	0.8825	0.93195	0.87666	
1.1043	1.5117	0.5911	0.5911	0.16477	15.261	14.25	14.226	-3.4394	1.218	6.7694e+05	0	0	0	0.4929	0.0081275	0.023305	0.035496	0.13441	0.019269	0.030422	0.059325	0.16117	0.019572	0.030212	0.05957	0.16015	-633.13	-1484.1	524.94	922.86	533.53	897.02	0.0013788	5.7716e+08	0.022372	0.48473	0.48473	6.6238	0.0037515	0.0020337	0.0017962	0.0022816	0.002792	0.063874	0.24826	0.18656	0.043238	0.020635	0.068018	0.05319	0.18024	0.13337	-0.0016118	37366	17931	55297	0	0	0	-38769	16528	1.4203e+05	0	0	0	-10373	-1.524e+05	0.88034	0.93227	0.87654	
1.1451	1.4725	0.58162	0.58162	0.15462	14.655	13.663	13.638	-4.0823	1.21	6.3398e+05	0	0	0	0.43981	0.0066179	0.018593	0.02852	0.10643	0.016129	0.024623	0.048817	0.13079	0.016662	0.024538	0.04953	0.13039	-566.73	-1336.9	478.1	833.31	486.06	808.8	0.0014576	5.4593e+08	0.022969	0.49765	0.49765	6.2035	0.0039497	0.0021401	0.0018901	0.00223	0.0027287	0.060654	0.24907	0.1878	0.037803	0.022851	0.056584	0.044793	0.19248	0.143	-0.0029785	36726	17385	54111	0	0	0	-37021	17091	1.5823e+05	0	0	0	-5392.6	-1.6362e+05	0.87812	0.93223	0.87628	
1.186	1.4304	0.5711	0.5711	0.14408	14.011	13.043	13.016	-4.9821	1.2015	5.8964e+05	0	0	0	0.38609	0.0053002	0.014528	0.022478	0.082483	0.013491	0.01941	0.039646	0.10348	0.014416	0.019572	0.041196	0.1045	-497.16	-1181.2	431.25	743.81	440.3	725.43	0.0015503	5.1331e+08	0.023645	0.5123	0.5123	5.7696	0.0041811	0.0022634	0.001999	0.0021748	0.0026609	0.057446	0.24921	0.18878	0.032275	0.025171	0.04568	0.03641	0.20353	0.15237	-0.0090329	35273	16451	51723	0	0	0	-35043	16680	1.7443e+05	0	0	0	-221.74	-1.7465e+05	0.87593	0.93183	0.87586	
1.2269	1.3854	0.55946	0.55946	0.13324	13.333	12.391	12.363	-6.6582	1.1923	5.4428e+05	0	0	0	0.33262	0.0040578	0.010704	0.016791	0.060049	0.011346	0.014379	0.031399	0.077204	0.013035	0.015427	0.03498	0.081835	-422.11	-1006.1	387.52	660.01	399.95	658.64	0.0016594	4.7957e+08	0.024412	0.52893	0.52893	5.3258	0.0044517	0.0024076	0.0021262	0.0021158	0.0025885	0.053837	0.24831	0.18845	0.026241	0.027595	0.034719	0.027517	0.21359	0.16093	-0.023022	33026	14909	47934	0	0	0	-32876	15058	1.9018e+05	0	0	0	4794	-1.8539e+05	0.87378	0.93101	0.87523	
1.2678	1.3379	0.54665	0.54665	0.1223	12.623	11.712	11.691	-10.312	1.1828	4.985e+05	0	0	0	0.28088	0.0028433	0.0070596	0.011325	0.038971	0.010633	0.011959	0.027908	0.061221	0.012514	0.015506	0.034277	0.076041	-339.88	-808.33	348.61	603.58	353.15	602.99	0.0017885	4.4495e+08	0.025279	0.54771	0.54771	4.8779	0.0047714	0.002577	0.0022736	0.0020532	0.0025123	0.04977	0.24505	0.18734	0.019628	0.030141	0.023859	0.021451	0.22119	0.16589	0.0060949	30176	11956	42132	0	0	0	-30554	11578	2.0486e+05	0	0	0	9131.2	-1.9573e+05	0.87171	0.92969	0.8743	
1.3087	1.2879	0.53263	0.53263	0.1113	11.896	11.033	11.022	-13.451	1.1728	4.5334e+05	0	0	0	0.23294	0.0021527	0.0051801	0.0084091	0.028502	0.0097389	0.01256	0.027168	0.062161	0.010143	0.014755	0.029969	0.076092	-272.6	-658.94	302.98	543.85	295.55	520.77	0.0019399	4.1022e+08	0.026261	0.56899	0.56899	4.436	0.0051423	0.0027661	0.0024358	0.001989	0.0024348	0.048749	0.24226	0.18694	0.015808	0.032941	0.017815	0.019367	0.22445	0.16757	0.026819	26937	9156.8	36094	0	0	0	-28160	7934.7	2.18e+05	0	0	0	12403	-2.056e+05	0.86972	0.92786	0.87303	
1.3496	1.2353	0.51731	0.51731	0.10034	11.167	10.361	10.356	-14.297	1.1625	4.0938e+05	0	0	0	0.18914	0.0018836	0.0045308	0.0073562	0.025019	0.0085774	0.011492	0.024358	0.058253	0.0085914	0.012275	0.025162	0.066016	-227.15	-563.45	264.14	482.03	255.46	452.73	0.0021149	3.7627e+08	0.027379	0.5932	0.5932	4.0058	0.0055645	0.0029755	0.002617	0.0019238	0.0023556	0.050107	0.23922	0.18539	0.014324	0.035783	0.015141	0.016545	0.22408	0.16884	0.010883	23566	7984.9	31551	0	0	0	-25786	5765.6	2.297e+05	0	0	0	14769	-2.1493e+05	0.86782	0.92564	0.87154	
1.3905	1.181	0.5007	0.5007	0.089781	10.445	9.6969	9.6931	-14.212	1.152	3.6713e+05	0	0	0	0.15003	0.0017278	0.0041945	0.0067861	0.023281	0.0077446	0.010312	0.021929	0.053391	0.007707	0.010565	0.022125	0.057614	-190.5	-488.18	231.55	428.16	224.16	399.9	0.0023174	3.4339e+08	0.028638	0.6205	0.6205	3.5924	0.0060438	0.0032112	0.0028226	0.0018577	0.0022748	0.052023	0.23507	0.18385	0.013411	0.038612	0.013315	0.014298	0.22175	0.16955	0.003105	20245	7428.2	27674	0	0	0	-23471	4202.6	2.4023e+05	0	0	0	16539	-2.2369e+05	0.86601	0.92317	0.86995	
1.4314	1.125	0.48274	0.48274	0.079766	9.734	9.0427	9.0392	-13.859	1.1418	3.2686e+05	0	0	0	0.11603	0.001604	0.0039422	0.0063481	0.022005	0.0070834	0.0093474	0.019972	0.049349	0.0070367	0.0092656	0.019821	0.05101	-158.33	-422.06	201.94	379.1	196.08	353.4	0.0025528	3.1173e+08	0.030062	0.65135	0.65135	3.1984	0.0065883	0.0034777	0.0030554	0.0017906	0.0021926	0.054296	0.23029	0.18197	0.012643	0.041654	0.011764	0.012492	0.21853	0.16948	0.00030793	17126	6967.3	24093	0	0	0	-21236	2857.4	2.4969e+05	0	0	0	17827	-2.3186e+05	0.86431	0.92055	0.86833	
1.4723	1.0676	0.46347	0.46347	0.070344	9.0355	8.4	8.3962	-13.478	1.1318	2.8874e+05	0	0	0	0.087289	0.001489	0.003709	0.0059426	0.020829	0.006506	0.0085539	0.018313	0.046021	0.0064467	0.0081663	0.017836	0.045517	-129.63	-362.02	174.12	333.1	169.71	310.15	0.002828	2.8139e+08	0.031678	0.68636	0.68636	2.8254	0.0072097	0.0037805	0.0033203	0.0017227	0.0021093	0.056918	0.22507	0.17982	0.011896	0.045022	0.010337	0.010938	0.21473	0.16889	-0.00062156	14268	6461.2	20729	0	0	0	-19093	1636.3	2.581e+05	0	0	0	18668	-2.3943e+05	0.86272	0.91783	0.8667	
1.5132	1.0088	0.44285	0.44285	0.061535	8.3511	7.7698	7.7655	-13.15	1.122	2.5286e+05	0	0	0	0.063661	0.0013744	0.0034702	0.0055318	0.019611	0.0059785	0.007863	0.016831	0.043064	0.005903	0.0071962	0.016051	0.040735	-104.05	-307.12	148.13	289.94	144.67	269.14	0.0031523	2.5244e+08	0.033527	0.72642	0.72642	2.4742	0.0079214	0.0041262	0.0036229	0.0016538	0.0020249	0.059882	0.21959	0.17752	0.01112	0.048762	0.0089858	0.0095278	0.2106	0.16799	-0.0008468	11684	5888.1	17572	0	0	0	-17052	519.34	2.6547e+05	0	0	0	19081	-2.4639e+05	0.86124	0.91505	0.86511	
1.5541	0.94866	0.42098	0.42098	0.053347	7.6817	7.1523	7.1473	-12.893	1.1125	2.1932e+05	0	0	0	0.04485	0.0012566	0.0032156	0.0051004	0.018293	0.0054825	0.0072101	0.015434	0.040158	0.0054002	0.006324	0.014424	0.036405	-81.387	-257.02	124.09	249.9	121.33	230.64	0.0035381	2.2492e+08	0.035651	0.77244	0.77244	2.146	0.0087435	0.0045247	0.003972	0.001584	0.0019393	0.06322	0.21392	0.17506	0.010292	0.052929	0.0076968	0.008204	0.20623	0.16686	-0.0009618	9367.3	5269.8	14637	0	0	0	-15120	-483.21	2.7183e+05	0	0	0	19086	-2.5274e+05	0.85992	0.91229	0.8636	
1.595	0.88733	0.39788	0.39788	0.045785	7.0278	6.5475	6.5418	-12.717	1.1032	1.8815e+05	0	0	0	0.030372	0.0011342	0.0029401	0.0046413	0.016844	0.0050039	0.0065389	0.014045	0.03702	0.0049347	0.0055198	0.012922	0.032284	-61.529	-211.59	102.17	212.93	99.904	195.03	0.0040018	1.9885e+08	0.038115	0.82583	0.82583	1.8411	0.0097006	0.0049887	0.0043787	0.001513	0.0018522	0.066999	0.20826	0.17255	0.0094032	0.057595	0.0064729	0.0069282	0.20178	0.16562	-0.0016373	7312.8	4632.8	11946	0	0	0	-13300	-1354.3	2.772e+05	0	0	0	18712	-2.5849e+05	0.85878	0.9096	0.86221	
1.6359	0.82506	0.37369	0.37369	0.038845	6.3891	5.955	5.9487	-12.681	1.0942	1.5943e+05	0	0	0	0.019657	0.00099593	0.002608	0.0041019	0.01505	0.0045606	0.0058367	0.012678	0.033474	0.0045296	0.0048495	0.011644	0.028589	-44.185	-169.98	82.195	178.57	80.632	162.71	0.0045674	1.7423e+08	0.040992	0.88816	0.88816	1.56	0.010829	0.0055368	0.0048591	0.0014405	0.0017633	0.071119	0.20261	0.16998	0.0083569	0.062762	0.0052583	0.0057128	0.19735	0.16427	-0.0010136	5492.3	3984.1	9476.4	0	0	0	-11591	-2115	2.8164e+05	0	0	0	17991	-2.6365e+05	0.85786	0.90705	0.861	
1.6768	0.76209	0.34852	0.34852	0.032523	5.7651	5.3743	5.3678	-12.731	1.0854	1.3318e+05	0	0	0	0.012069	0.0008547	0.0022552	0.0035372	0.013114	0.0041388	0.0051067	0.011315	0.029592	0.0041625	0.0042616	0.010505	0.025148	-29.514	-132.92	64.122	146.73	63.16	133.19	0.005268	1.5106e+08	0.044379	0.96154	0.96154	1.3031	0.012183	0.0061967	0.0054373	0.0013664	0.0016724	0.075772	0.19714	0.1674	0.007257	0.068515	0.0041413	0.0045806	0.193	0.16282	-0.00049824	3923	3347.9	7270.9	0	0	0	-9995.2	-2724.3	2.8519e+05	0	0	0	16962	-2.6822e+05	0.85721	0.90472	0.86003	
1.7177	0.69878	0.32258	0.32258	0.026808	5.1554	4.8051	4.7987	-12.824	1.0767	1.0942e+05	0	0	0	0.0069616	0.00071869	0.0019054	0.0029834	0.011174	0.0037349	0.004382	0.0099843	0.025596	0.0038181	0.0037354	0.0094626	0.021953	-17.497	-100.74	48.318	118.01	47.803	106.87	0.0061524	1.2934e+08	0.0484	1.0487	1.0487	1.0707	0.013846	0.0070111	0.0061504	0.0012901	0.001579	0.081042	0.19187	0.16483	0.0061718	0.07487	0.0031655	0.0035687	0.18871	0.16126	-0.00043886	2603	2759.7	5362.7	0	0	0	-8511.1	-3148.3	2.8792e+05	0	0	0	15687	-2.7224e+05	0.85688	0.90268	0.85937	
1.7586	0.63556	0.2961	0.2961	0.021683	4.5593	4.247	4.241	-12.955	1.0682	88168	0	0	0	0.0037236	0.00058822	0.0015632	0.0024455	0.0092541	0.0033525	0.003699	0.0087278	0.021691	0.0034875	0.0032763	0.0085076	0.019098	-7.8348	-73.105	34.394	91.669	34.656	83.958	0.0072957	1.0907e+08	0.053214	1.153	1.153	0.86273	0.01595	0.0080464	0.0070563	0.0012112	0.0014824	0.086961	0.18685	0.16229	0.0051139	0.081847	0.0023321	0.0027026	0.18452	0.15959	-0.0002554	1509.3	2227	3736.3	0	0	0	-7137.6	-3401.4	2.8994e+05	0	0	0	14232	-2.7571e+05	0.85693	0.90102	0.85909	
1.7995	0.57297	0.26936	0.26936	0.017129	3.9757	3.6996	3.6944	-13.107	1.0598	69421	0	0	0	0.0018131	0.0004658	0.001235	0.0019337	0.0073899	0.0029938	0.003094	0.0075846	0.018121	0.0031608	0.0028781	0.0076193	0.016629	-0.40199	-49.992	22.579	68.698	23.3	63.8	0.0088173	9.0251e+07	0.059027	1.2789	1.2789	0.67929	0.018716	0.0094143	0.0082525	0.0011291	0.0013819	0.093493	0.18212	0.1598	0.0041048	0.089388	0.0016414	0.0019957	0.18048	0.15781	0.00041544	633.13	1762.2	2395.3	0	0	0	-5873.5	-3478.3	2.9133e+05	0	0	0	12671	-2.7866e+05	0.85743	0.89982	0.85928	
1.8404	0.51169	0.24272	0.24272	0.01312	3.4034	3.1625	3.1581	-13.223	1.0513	53147	0	0	0	0.000782	0.00035383	0.00092759	0.0014583	0.0056213	0.0026564	0.0025872	0.0065718	0.015088	0.0028299	0.0025221	0.0067669	0.014516	4.9053	-31.266	13.112	49.635	13.884	46.63	0.01092	7.2875e+07	0.066096	1.4321	1.4321	0.52004	0.022547	0.011317	0.0099151	0.0010428	0.0012762	0.1005	0.17769	0.15737	0.0031634	0.097335	0.0010889	0.001446	0.1766	0.15592	0.0018717	-37.5	1381.4	1343.9	0	0	0	-4717.2	-3373.4	2.9219e+05	0	0	0	11083	-2.8111e+05	0.85845	0.89915	0.85999	
1.8813	0.45251	0.21663	0.21663	0.0096269	2.8411	2.6351	2.6315	-13.179	1.0425	39284	0	0	0	0.00028604	0.00025425	0.00064808	0.0010295	0.003994	0.0023322	0.0021678	0.0056662	0.012628	0.0024904	0.0021764	0.005912	0.01261	8.2713	-16.634	5.5195	33.312	6.3555	31.964	0.013974	5.6946e+07	0.07474	1.6194	1.6194	0.38439	0.028239	0.014152	0.012392	0.00095089	0.0011638	0.10765	0.17356	0.15501	0.0023053	0.10534	0.00066628	0.0010332	0.1729	0.15397	0.0041691	-517.02	1068.4	551.39	0	0	0	-3666.9	-3115.5	2.9264e+05	0	0	0	9547.5	-2.8309e+05	0.86005	0.89911	0.86132	
1.9222	0.3964	0.19159	0.19159	0.0066131	2.2871	2.1164	2.1137	-12.777	1.0334	27734	0	0	0	8.2322e-05	0.00016965	0.00040455	0.00065903	0.0025557	0.002014	0.0017943	0.0048153	0.01056	0.0021471	0.0018166	0.0050372	0.010739	9.8417	-5.8636	-0.15664	19.89	0.5912	19.582	0.018727	4.2493e+07	0.08532	1.8486	1.8486	0.27138	0.037608	0.018825	0.016475	0.00085146	0.0010421	0.11429	0.16974	0.15273	0.0015482	0.11274	0.00036207	0.00072725	0.16938	0.15201	0.0071004	-818.73	816.18	-2.5519	0	0	0	-2722.4	-2725	2.9277e+05	0	0	0	8136.5	-2.8463e+05	0.86232	0.89979	0.86336	
1.9631	0.34443	0.16818	0.16818	0.0040378	1.7395	1.6057	1.6036	-11.765	1.0234	18351	0	0	0	1.6103e-05	0.00010326	0.00020733	0.00036222	0.0013692	0.0017004	0.0014182	0.0039688	0.0085995	0.0018116	0.0014352	0.0041526	0.0088052	9.7886	1.5157	-3.9084	8.7395	-3.3194	9.1969	0.026916	2.9565e+07	0.098193	2.1275	2.1275	0.17956	0.055471	0.027735	0.024257	0.00074109	0.00090707	0.11911	0.16622	0.15058	0.00091544	0.1182	0.00016283	0.00050018	0.16606	0.15008	0.010214	-960.31	584.81	-375.5	0	0	0	-1885	-2260.5	2.9267e+05	0	0	0	6907.2	-2.8577e+05	0.86535	0.90128	0.8662	
2.004	0.29794	0.14712	0.14712	0.0018525	1.1967	1.1019	1.1004	-9.8771	1.0124	10936	0	0	0	1.5192e-06	5.9368e-05	7.0664e-05	0.00015972	0.00052983	0.0013952	0.0009843	0.0030771	0.0064237	0.0014949	0.0010209	0.0032632	0.0067389	8.0814	5.6191	-5.4568	0.18736	-5.1272	0.90574	0.043574	1.8263e+07	0.11352	2.4595	2.4595	0.10701	0.098902	0.049354	0.043138	0.00061352	0.00075092	0.11981	0.16298	0.14857	0.00044393	0.11936	5.3235e-05	0.00032579	0.16292	0.14824	0.011735	-944.86	321.25	-623.61	0	0	0	-1158.9	-1782.6	2.9242e+05	0	0	0	5890	-2.8653e+05	0.86924	0.9037	0.86994	
2.0449	0.25842	0.12921	0.12921	1.4014e-06	0.65734	0.60436	0.60358	-6.9816	1	5222.3	0	0	0	2.2301e-08	4.0724e-05	3.5018e-06	6.4588e-05	0.00011803	0.0011261	0.00040158	0.0020907	0.0035716	0.0012254	0.00048582	0.002324	0.0041188	4.5813	5.4577	-4.157	-3.7367	-4.1116	-3.4422	0.090531	8.7901e+06	0.13087	2.8356	2.8356	0.0511	0.27325	0.13565	0.11848	0.00045413	0.00055584	0.11546	0.15738	0.14449	0.00017001	0.11529	1.084e-05	0.00016105	0.15737	0.14433	4.9541e-06	-727.34	-9.8832	-737.22	0	0	0	-1158.9	-1896.2	2.9207e+05	0	0	0	4944.4	-2.8713e+05	0.87415	0.90717	0.87471	
