% N=  51
%           r   D11e,m^2/s         D12e         D21e         D22e         D31e         D32e         D11D         D12D         D21D         D22D         D31D         D32D         D11T         D12T         D21T         D22T         D31T         D32T        D11He        D12He        D21He        D22He        D31He        D32He
   0.0000E+00   9.2264E-03   1.7932E-02   3.1771E-02   9.0611E-02  -1.7398E+01  -7.0981E+01   3.1132E-03   4.4045E-04   5.1102E-03   6.7914E-03   5.0602E+00   1.3421E+01   3.5096E-03   4.3886E-04   5.7032E-03   7.5895E-03   5.2960E+00   1.2569E+01   2.9190E-03   1.6198E-04   4.5404E-03   5.0333E-03   7.8931E-01   1.9714E+00
   3.0774E-02   9.2059E-03   1.7895E-02   3.1704E-02   9.0363E-02  -1.7051E+01  -7.0898E+01   3.1148E-03   4.3980E-04   5.1119E-03   6.7412E-03   5.1760E+00   1.3732E+01   3.5108E-03   4.3768E-04   5.7038E-03   7.5354E-03   5.4056E+00   1.2835E+01   2.9193E-03   1.6338E-04   4.5423E-03   5.0393E-03   8.0595E-01   2.0208E+00
   6.1548E-02   9.1352E-03   1.7805E-02   3.1508E-02   9.0061E-02  -1.5695E+01  -7.0593E+01   3.1215E-03   4.5253E-04   5.1348E-03   6.7921E-03   5.6274E+00   1.4927E+01   3.5134E-03   4.4944E-04   5.7196E-03   7.5786E-03   5.8396E+00   1.3911E+01   2.9196E-03   1.6993E-04   4.5493E-03   5.0641E-03   8.7146E-01   2.2173E+00
   9.2321E-02   9.0300E-03   1.7650E-02   3.1195E-02   8.9043E-02  -1.3683E+01  -7.0416E+01   3.1323E-03   4.7316E-04   5.1716E-03   6.8679E-03   6.3780E+00   1.6877E+01   3.5168E-03   4.6806E-04   5.7432E-03   7.6290E-03   6.5724E+00   1.5704E+01   2.9197E-03   1.8091E-04   4.5605E-03   5.1045E-03   9.8471E-01   2.5491E+00
   1.2310E-01   8.8937E-03   1.7456E-02   3.0797E-02   8.7885E-02  -1.1208E+01  -7.0572E+01   3.1466E-03   4.9997E-04   5.2199E-03   6.9509E-03   7.4163E+00   1.9523E+01   3.5209E-03   4.9196E-04   5.7733E-03   7.6721E-03   7.6004E+00   1.8175E+01   2.9197E-03   1.9571E-04   4.5752E-03   5.1589E-03   1.1473E+00   3.0137E+00
   1.5387E-01   8.7314E-03   1.7232E-02   3.0329E-02   8.6659E-02  -8.3967E+00  -7.1247E+01   3.1640E-03   5.3366E-04   5.2797E-03   7.0597E-03   8.7218E+00   2.2794E+01   3.5257E-03   5.2215E-04   5.8107E-03   7.7322E-03   8.9108E+00   2.1274E+01   2.9194E-03   2.1396E-04   4.5930E-03   5.2256E-03   1.3583E+00   3.6045E+00
   1.8464E-01   8.5465E-03   1.6977E-02   2.9797E-02   8.5371E-02  -5.4885E+00  -7.2463E+01   3.1845E-03   5.7411E-04   5.3508E-03   7.1946E-03   1.0266E+01   2.6600E+01   3.5312E-03   5.5887E-04   5.8556E-03   7.8163E-03   1.0482E+01   2.4938E+01   2.9187E-03   2.3550E-04   4.6136E-03   5.3041E-03   1.6145E+00   4.3103E+00
   2.1542E-01   8.3470E-03   1.6703E-02   2.9223E-02   8.4064E-02  -2.5454E+00  -7.4277E+01   3.2079E-03   6.2123E-04   5.4331E-03   7.3580E-03   1.2011E+01   3.0841E+01   3.5375E-03   6.0158E-04   5.9078E-03   7.9222E-03   1.2283E+01   2.9092E+01   2.9179E-03   2.6011E-04   4.6369E-03   5.3939E-03   1.9106E+00   5.1153E+00
   2.4619E-01   8.1397E-03   1.6421E-02   2.8630E-02   8.2765E-02   3.4254E-01  -7.6628E+01   3.2344E-03   6.7435E-04   5.5259E-03   7.5484E-03   1.3910E+01   3.5393E+01   3.5453E-03   6.4952E-04   5.9674E-03   8.0481E-03   1.4281E+01   3.3651E+01   2.9172E-03   2.8730E-04   4.6631E-03   5.4940E-03   2.2399E+00   5.9984E+00
   2.7696E-01   7.9295E-03   1.6136E-02   2.8030E-02   8.1483E-02   3.0854E+00  -7.9432E+01   3.2633E-03   7.3177E-04   5.6267E-03   7.7521E-03   1.5914E+01   4.0132E+01   3.5546E-03   7.0121E-04   6.0330E-03   8.1854E-03   1.6433E+01   3.8523E+01   2.9169E-03   3.1647E-04   4.6918E-03   5.6024E-03   2.5965E+00   6.9366E+00
   3.0774E-01   7.7206E-03   1.5850E-02   2.7431E-02   8.0205E-02   5.7027E+00  -8.1981E+01   3.2945E-03   7.9278E-04   5.7346E-03   7.9739E-03   1.7970E+01   4.4926E+01   3.5656E-03   7.5562E-04   6.1041E-03   8.3344E-03   1.8695E+01   4.3597E+01   2.9171E-03   3.4701E-04   4.7226E-03   5.7171E-03   2.9726E+00   7.9053E+00
   3.3851E-01   7.5725E-03   1.5651E-02   2.7009E-02   7.9309E-02   6.3052E+00  -8.8315E+01   3.3194E-03   8.4478E-04   5.8239E-03   8.1537E-03   2.0205E+01   4.9822E+01   3.5716E-03   8.0073E-04   6.1581E-03   8.4463E-03   2.1302E+01   4.9168E+01   2.9156E-03   3.7217E-04   4.7456E-03   5.8097E-03   3.4315E+00   8.9889E+00
   3.6929E-01   7.4720E-03   1.5518E-02   2.6726E-02   7.8697E-02   5.4974E+00  -9.6723E+01   3.3372E-03   8.8504E-04   5.8909E-03   8.2809E-03   2.2495E+01   5.4623E+01   3.5731E-03   8.3936E-04   6.1991E-03   8.5380E-03   2.4051E+01   5.4859E+01   2.9125E-03   3.9221E-04   4.7610E-03   5.8804E-03   3.9364E+00   1.0119E+01
   4.0006E-01   7.3758E-03   1.5389E-02   2.6452E-02   7.8103E-02   4.7736E+00  -1.0381E+02   3.3536E-03   9.2274E-04   5.9531E-03   8.4009E-03   2.4638E+01   5.9085E+01   3.5741E-03   8.7698E-04   6.2381E-03   8.6332E-03   2.6613E+01   6.0141E+01   2.9092E-03   4.1122E-04   4.7750E-03   5.9461E-03   4.4160E+00   1.1178E+01
   4.3083E-01   7.2842E-03   1.5266E-02   2.6193E-02   7.7507E-02   4.4877E+00  -1.0876E+02   3.3701E-03   9.5969E-04   6.0148E-03   8.5236E-03   2.6569E+01   6.3112E+01   3.5755E-03   9.1398E-04   6.2773E-03   8.7311E-03   2.8880E+01   6.4827E+01   2.9063E-03   4.3042E-04   4.7899E-03   6.0110E-03   4.8504E+00   1.2134E+01
   4.6161E-01   7.1649E-03   1.5081E-02   2.5829E-02   7.6634E-02   4.8076E+00  -1.1071E+02   3.3892E-03   9.9908E-04   6.0829E-03   8.6636E-03   2.8243E+01   6.6644E+01   3.5792E-03   9.5267E-04   6.3215E-03   8.8392E-03   3.0779E+01   6.8804E+01   2.9049E-03   4.5121E-04   4.8085E-03   6.0819E-03   5.2243E+00   1.2960E+01
   4.9238E-01   7.0382E-03   1.4929E-02   2.5487E-02   7.5997E-02   5.9869E+00  -1.0916E+02   3.4126E-03   1.0428E-03   6.1617E-03   8.8335E-03   2.9640E+01   6.9645E+01   3.5870E-03   9.9451E-04   6.3750E-03   8.9685E-03   3.2272E+01   7.2022E+01   2.9054E-03   4.7473E-04   4.8328E-03   6.1623E-03   5.5298E+00   1.3640E+01
   5.2315E-01   6.9049E-03   1.4800E-02   2.5157E-02   7.5547E-02   8.4163E+00  -1.0223E+02   3.4455E-03   1.0990E-03   6.2672E-03   9.0724E-03   3.0743E+01   7.2088E+01   3.6018E-03   1.0451E-03   6.4478E-03   9.1426E-03   3.3320E+01   7.4440E+01   2.9095E-03   5.0455E-04   4.8688E-03   6.2678E-03   5.7599E+00   1.4160E+01
   5.5393E-01   6.7983E-03   1.4790E-02   2.4987E-02   7.5817E-02   1.2766E+01  -8.9683E+01   3.5037E-03   1.1920E-03   6.4476E-03   9.5029E-03   3.1627E+01   7.4153E+01   3.6335E-03   1.1205E-03   6.5707E-03   9.4385E-03   3.3957E+01   7.6180E+01   2.9223E-03   5.4999E-04   4.9334E-03   6.4391E-03   5.9298E+00   1.4560E+01
   5.8470E-01   6.6844E-03   1.4969E-02   2.4996E-02   7.7403E-02   2.2131E+01  -6.3106E+01   3.6422E-03   1.4157E-03   6.8791E-03   1.0621E-02   3.2440E+01   7.6472E+01   3.7210E-03   1.2839E-03   6.8654E-03   1.0202E-02   3.4383E+01   7.8287E+01   2.9625E-03   6.3998E-04   5.0837E-03   6.8145E-03   6.0280E+00   1.4887E+01
   6.1548E-01   6.9719E-03   1.6339E-02   2.6797E-02   8.5576E-02   3.9402E+01  -1.2881E+01   4.0449E-03   2.0197E-03   8.0870E-03   1.3511E-02   3.3089E+01   7.8273E+01   3.9935E-03   1.7352E-03   7.7255E-03   1.2423E-02   3.4572E+01   7.9814E+01   3.0915E-03   8.7958E-04   5.5168E-03   7.9158E-03   6.1639E+00   1.5118E+01
   6.4625E-01   8.3264E-03   2.1647E-02   3.4137E-02   1.1827E-01   7.5274E+01   1.0919E+02   6.1091E-03   4.6284E-03   1.3792E-02   2.5235E-02   3.5520E+01   8.4098E+01   5.7344E-03   4.1348E-03   1.2736E-02   2.3353E-02   3.5781E+01   8.3705E+01   3.8299E-03   2.1483E-03   7.8931E-03   1.3846E-02   6.8183E+00   1.6041E+01
   6.7702E-01   1.2061E-02   3.9042E-02   5.7134E-02   2.4043E-01   1.2642E+02   3.4648E+02   4.2472E-02   6.4517E-02   1.2822E-01   3.1236E-01   6.6915E+01   1.4243E+02   3.9455E-02   5.7131E-02   1.1631E-01   2.7515E-01   6.3464E+01   1.2891E+02   1.4409E-02   2.2333E-02   4.3947E-02   1.1510E-01   1.2499E+01   3.5492E+01
   7.0780E-01   1.0627E-02   3.4037E-02   4.9977E-02   2.0850E-01   1.2173E+02   3.2854E+02   3.3845E-02   4.9809E-02   1.0058E-01   2.4081E-01   6.4642E+01   1.3420E+02   3.1408E-02   4.3962E-02   9.1075E-02   2.1202E-01   6.0502E+01   1.2248E+02   1.1967E-02   1.7652E-02   3.5603E-02   9.1379E-02   1.2999E+01   3.4633E+01
   7.3857E-01   9.3409E-03   2.9756E-02   4.3767E-02   1.8191E-01   1.1683E+02   3.1195E+02   2.9467E-02   4.2640E-02   8.6841E-02   2.0622E-01   6.3540E+01   1.3074E+02   2.7269E-02   3.7580E-02   7.8483E-02   1.8180E-01   5.9230E+01   1.1973E+02   1.0634E-02   1.5245E-02   3.1196E-02   7.9256E-02   1.3101E+01   3.4103E+01
   7.6934E-01   8.1317E-03   2.5799E-02   3.7997E-02   1.5754E-01   1.1170E+02   2.9549E+02   2.5800E-02   3.6936E-02   7.5636E-02   1.7920E-01   6.2054E+01   1.2702E+02   2.3911E-02   3.2435E-02   6.8302E-02   1.5735E-01   5.7763E+01   1.1660E+02   9.4875E-03   1.3180E-02   2.7411E-02   6.8989E-02   1.2984E+01   3.3284E+01
   8.0012E-01   6.9521E-03   2.2011E-02   3.2439E-02   1.3441E-01   1.0723E+02   2.8163E+02   2.2415E-02   3.1628E-02   6.5250E-02   1.5389E-01   5.9636E+01   1.2165E+02   2.0812E-02   2.7671E-02   5.8889E-02   1.3459E-01   5.5559E+01   1.1187E+02   8.4415E-03   1.1314E-02   2.3976E-02   5.9678E-02   1.2620E+01   3.1927E+01
   8.3089E-01   5.8946E-03   1.8626E-02   2.7468E-02   1.1377E-01   1.0209E+02   2.6673E+02   1.9424E-02   2.6887E-02   5.6023E-02   1.3117E-01   5.6786E+01   1.1568E+02   1.8062E-02   2.3451E-02   5.0544E-02   1.1445E-01   5.3044E+01   1.0659E+02   7.5105E-03   9.6561E-03   2.0922E-02   5.1385E-02   1.2133E+01   3.0315E+01
   8.6167E-01   4.9667E-03   1.5658E-02   2.3109E-02   9.5684E-02   9.6217E+01   2.5060E+02   1.6802E-02   2.2745E-02   4.7948E-02   1.1127E-01   5.3696E+01   1.0931E+02   1.5669E-02   1.9775E-02   4.3279E-02   9.6918E-02   5.0333E+01   1.0099E+02   6.6977E-03   8.2081E-03   1.8255E-02   4.4152E-02   1.1562E+01   2.8555E+01
   8.9244E-01   4.1664E-03   1.3098E-02   1.9347E-02   8.0077E-02   8.9024E+01   2.3176E+02   1.4525E-02   1.9168E-02   4.0957E-02   9.4145E-02   5.0467E+01   1.0273E+02   1.3630E-02   1.6628E-02   3.7074E-02   8.1922E-02   4.7444E+01   9.5212E+01   5.9907E-03   6.9448E-03   1.5931E-02   3.7840E-02   1.0941E+01   2.6748E+01
   9.2321E-01   3.4876E-03   1.0921E-02   1.6152E-02   6.6795E-02   8.1242E+01   2.1099E+02   1.2575E-02   1.6115E-02   3.4978E-02   7.9579E-02   4.7184E+01   9.6130E+01   1.1907E-02   1.3998E-02   3.1859E-02   6.9396E-02   4.4408E+01   8.9340E+01   5.3870E-03   5.8658E-03   1.3946E-02   3.2425E-02   1.0266E+01   2.4946E+01
   9.5399E-01   2.9195E-03   9.0916E-03   1.3471E-02   5.5616E-02   7.3735E+01   1.9053E+02   1.0927E-02   1.3528E-02   2.9918E-02   6.7222E-02   4.3884E+01   8.9619E+01   1.0476E-02   1.1836E-02   2.7551E-02   5.9062E-02   4.1249E+01   8.3394E+01   4.8764E-03   4.9595E-03   1.2274E-02   2.7846E-02   9.5580E+00   2.3146E+01
   9.8476E-01   2.4488E-03   7.5684E-03   1.1242E-02   4.6281E-02   6.6057E+01   1.7009E+02   9.5366E-03   1.1346E-02   2.5650E-02   5.6749E-02   4.0555E+01   8.3175E+01   9.2921E-03   1.0082E-02   2.4020E-02   5.0605E-02   3.7981E+01   7.7336E+01   4.4416E-03   4.2076E-03   1.0870E-02   2.4006E-02   8.8070E+00   2.1336E+01
   1.0155E+00   2.0993E-03   6.4033E-03   9.5523E-03   3.9030E-02   5.8490E+01   1.4940E+02   8.4808E-03   9.6150E-03   2.2336E-02   4.8213E-02   3.7368E+01   7.7353E+01   8.4484E-03   8.9412E-03   2.1614E-02   4.4811E-02   3.4852E+01   7.2042E+01   4.1021E-03   3.6743E-03   9.8275E-03   2.1186E-02   8.0229E+00   1.9564E+01
   1.0463E+00   1.8125E-03   5.4372E-03   8.1560E-03   3.2987E-02   5.1394E+01   1.3023E+02   7.6162E-03   8.3028E-03   1.9727E-02   4.1605E-02   3.4012E+01   7.1434E+01   7.7097E-03   8.1305E-03   1.9695E-02   4.0703E-02   3.1516E+01   6.6455E+01   3.7851E-03   3.2424E-03   8.9201E-03   1.8955E-02   7.1681E+00   1.7662E+01
   1.0771E+00   1.5723E-03   4.6267E-03   6.9852E-03   2.7914E-02   4.4895E+01   1.1292E+02   6.8863E-03   7.3791E-03   1.7708E-02   3.6912E-02   3.0502E+01   6.5261E+01   6.9707E-03   7.4980E-03   1.7954E-02   3.7742E-02   2.8049E+01   6.0453E+01   3.4732E-03   2.8536E-03   8.0635E-03   1.7069E-02   6.2793E+00   1.5664E+01
   1.1079E+00   1.3728E-03   3.9582E-03   6.0173E-03   2.3741E-02   3.8769E+01   9.6640E+01   6.2389E-03   6.7417E-03   1.6100E-02   3.3800E-02   2.7041E+01   5.9034E+01   6.2428E-03   6.9203E-03   1.6285E-02   3.5415E-02   2.4655E+01   5.4283E+01   3.1736E-03   2.4795E-03   7.2400E-03   1.5337E-02   5.4220E+00   1.3716E+01
   1.1386E+00   1.2089E-03   3.4177E-03   5.2311E-03   2.0394E-02   3.3057E+01   8.1952E+01   5.6516E-03   6.2341E-03   1.4711E-02   3.1551E-02   2.3844E+01   5.3047E+01   5.5652E-03   6.3179E-03   1.4666E-02   3.3167E-02   2.1541E+01   4.8261E+01   2.8996E-03   2.1209E-03   6.4703E-03   1.3672E-02   4.6551E+00   1.1956E+01
   1.1694E+00   1.0750E-03   2.9854E-03   4.5979E-03   1.7742E-02   2.7786E+01   6.8729E+01   5.1177E-03   5.7522E-03   1.3429E-02   2.9533E-02   2.0996E+01   4.7458E+01   4.9671E-03   5.6866E-03   1.3137E-02   3.0704E-02   1.8800E+01   4.2642E+01   2.6602E-03   1.7977E-03   5.7880E-03   1.2119E-02   3.9909E+00   1.0436E+01
   1.2002E+00   9.6451E-04   2.6374E-03   4.0842E-03   1.5633E-02   2.2972E+01   5.6930E+01   4.6390E-03   5.2576E-03   1.2216E-02   2.7426E-02   1.8493E+01   4.2328E+01   4.4576E-03   5.0622E-03   1.1749E-02   2.8030E-02   1.6454E+01   3.7592E+01   2.4568E-03   1.5263E-03   5.2115E-03   1.0745E-02   3.4199E+00   9.1495E+00
   1.2310E+00   8.6967E-04   2.3491E-03   3.6536E-03   1.3922E-02   1.8362E+01   4.5647E+01   4.1787E-03   4.6530E-03   1.0921E-02   2.4672E-02   1.6288E+01   3.7547E+01   4.0155E-03   4.4011E-03   1.0424E-02   2.4809E-02   1.4488E+01   3.3108E+01   2.2817E-03   1.2930E-03   4.7156E-03   9.4777E-03   2.9280E+00   8.0627E+00
   1.2617E+00   7.8476E-04   2.0966E-03   3.2738E-03   1.2446E-02   1.4183E+01   3.5427E+01   3.7331E-03   3.9992E-03   9.5989E-03   2.1597E-02   1.4230E+01   3.2997E+01   3.6097E-03   3.7406E-03   9.1552E-03   2.1408E-02   1.2710E+01   2.8985E+01   2.1210E-03   1.0827E-03   4.2641E-03   8.2845E-03   2.4737E+00   7.0543E+00
   1.2925E+00   7.0453E-04   1.8575E-03   2.9143E-03   1.1049E-02   1.0596E+01   2.6605E+01   3.2731E-03   3.2993E-03   8.2090E-03   1.8299E-02   1.2140E+01   2.8372E+01   3.1936E-03   3.0433E-03   7.8338E-03   1.7807E-02   1.0910E+01   2.4833E+01   1.9600E-03   8.6900E-04   3.8090E-03   7.0546E-03   2.0305E+00   6.0126E+00
   1.3233E+00   6.2117E-04   1.5988E-03   2.5306E-03   9.5024E-03   7.6723E+00   1.9345E+01   2.7468E-03   2.4667E-03   6.5870E-03   1.4396E-02   9.8214E+00   2.3151E+01   2.7186E-03   2.2140E-03   6.2919E-03   1.3561E-02   8.8823E+00   2.0103E+01   1.7858E-03   6.2401E-04   3.3028E-03   5.6397E-03   1.5993E+00   4.8524E+00
   1.3540E+00   5.2780E-04   1.2990E-03   2.0907E-03   7.6532E-03   5.4107E+00   1.3751E+01   2.1638E-03   1.4584E-03   4.7041E-03   9.5044E-03   7.2042E+00   1.6874E+01   2.2121E-03   1.2933E-03   4.6115E-03   8.7103E-03   6.5916E+00   1.4508E+01   1.6038E-03   3.6509E-04   2.7708E-03   4.1255E-03   1.2041E+00   3.5969E+00
   1.3848E+00   4.1968E-04   9.5957E-04   1.5891E-03   5.5649E-03   3.9127E+00   9.8484E+00   1.7094E-03   6.5167E-04   3.2157E-03   5.2661E-03   4.7837E+00   1.0656E+01   1.8310E-03   6.6201E-04   3.4085E-03   5.3237E-03   4.6075E+00   9.8982E+00   1.4497E-03   1.7492E-04   2.3495E-03   3.0007E-03   8.6417E-01   2.4751E+00
   1.4156E+00   3.0324E-04   6.1896E-04   1.0738E-03   3.5157E-03   2.9563E+00   6.9271E+00   1.4739E-03   3.2407E-04   2.5350E-03   3.5360E-03   3.1759E+00   7.3678E+00   1.6271E-03   4.2403E-04   2.8647E-03   4.0655E-03   3.1807E+00   7.3905E+00   1.3443E-03   8.5721E-05   2.1021E-03   2.4320E-03   5.2700E-01   1.5942E+00
   1.4464E+00   2.0368E-04   3.6596E-04   6.7147E-04   2.0546E-03   2.1777E+00   4.5027E+00   1.3410E-03   2.0459E-04   2.2160E-03   2.9362E-03   2.0315E+00   5.0184E+00   1.5025E-03   2.8217E-04   2.5360E-03   3.4713E-03   2.1873E+00   5.1101E+00   1.2713E-03   2.8665E-05   1.9356E-03   2.0995E-03   2.9047E-01   9.9089E-01
   1.4771E+00   1.2794E-04   1.8831E-04   3.8022E-04   1.0891E-03   1.4060E+00   2.3291E+00   1.2955E-03   6.7951E-05   2.0112E-03   2.3628E-03   1.5529E+00   3.7109E+00   1.6104E-03   1.5937E-04   2.5749E-03   2.8734E-03   2.9797E+00   6.2175E+00   1.2758E-03   2.0877E-05   1.9346E-03   1.9202E-03   2.1181E-01   8.0234E-01
   1.5079E+00   8.0524E-05   8.1661E-05   2.0245E-04   5.4227E-04   8.5566E-01   1.4348E+00   1.4541E-03   1.7769E-04   2.3588E-03   2.4737E-03   2.3022E+00   5.8735E+00   1.8370E-03   6.5613E-04   3.4117E-03   4.4651E-03   3.5759E+00   1.0990E+01   1.3166E-03   1.9781E-04   2.1726E-03   2.5614E-03   2.2892E-01   1.0805E+00
   1.5387E+00   5.5777E-05   1.2624E-05   9.6289E-05   2.0226E-04   3.6146E-01   6.9669E-01   1.3998E-03   3.9257E-04   2.4923E-03   3.6833E-03   4.2248E-01   3.4309E+00   1.5644E-03   5.3811E-04   2.8847E-03   4.6569E-03  -8.8720E-01   1.3133E+00   1.2581E-03   7.2532E-05   1.9597E-03   2.2992E-03  -2.3204E-01  -1.8075E-01
