% N=  51
%           r   D11e,m^2/s         D12e         D21e         D22e         D31e         D32e         D11D         D12D         D21D         D22D         D31D         D32D         D11T         D12T         D21T         D22T         D31T         D32T        D11He        D12He        D21He        D22He        D31He        D32He
   0.0000E+00   9.5115E-03   1.8694E-02   3.2961E-02   9.4540E-02  -1.5581E+01  -6.8442E+01   3.3891E-03   4.6048E-04   5.5441E-03   7.2119E-03   5.0211E+00   1.3521E+01   3.7895E-03   4.6154E-04   6.1457E-03   7.9832E-03   5.2952E+00   1.3165E+01   3.1832E-03   1.7494E-04   4.9497E-03   5.4788E-03   7.5282E-01   1.9548E+00
   3.0774E-02   9.4901E-03   1.8657E-02   3.2892E-02   9.4306E-02  -1.5209E+01  -6.8314E+01   3.3909E-03   4.5993E-04   5.5462E-03   7.1583E-03   5.1366E+00   1.3835E+01   3.7909E-03   4.6037E-04   6.1467E-03   7.9259E-03   5.4035E+00   1.3431E+01   3.1835E-03   1.7649E-04   4.9517E-03   5.4854E-03   7.6861E-01   2.0038E+00
   6.1548E-02   9.4189E-03   1.8552E-02   3.2680E-02   9.3646E-02  -1.3745E+01  -6.7811E+01   3.3988E-03   4.7502E-04   5.5732E-03   7.2219E-03   5.5863E+00   1.5037E+01   3.7941E-03   4.7449E-04   6.1656E-03   7.9820E-03   5.8303E+00   1.4498E+01   3.1839E-03   1.8397E-04   4.9599E-03   5.5140E-03   8.3088E-01   2.1997E+00
   9.2321E-02   9.3250E-03   1.8440E-02   3.2427E-02   9.2920E-02  -1.1491E+01  -6.7352E+01   3.4113E-03   4.9900E-04   5.6159E-03   7.3161E-03   6.3334E+00   1.6995E+01   3.7986E-03   4.9608E-04   6.1940E-03   8.0502E-03   6.5512E+00   1.6268E+01   3.1844E-03   1.9615E-04   4.9728E-03   5.5598E-03   9.3917E-01   2.5294E+00
   1.2310E-01   9.1774E-03   1.8224E-02   3.1991E-02   9.1751E-02  -8.7981E+00  -6.7055E+01   3.4278E-03   5.2997E-04   5.6717E-03   7.4210E-03   7.3652E+00   1.9651E+01   3.8045E-03   5.2346E-04   6.2302E-03   8.1135E-03   7.5631E+00   1.8707E+01   3.1848E-03   2.1244E-04   4.9897E-03   5.6208E-03   1.0950E+00   2.9896E+00
   1.5387E-01   9.0056E-03   1.7982E-02   3.1490E-02   9.0512E-02  -5.7504E+00  -6.7117E+01   3.4481E-03   5.6924E-04   5.7414E-03   7.5584E-03   8.6602E+00   2.2929E+01   3.8113E-03   5.5820E-04   6.2751E-03   8.1985E-03   8.8548E+00   2.1777E+01   3.1849E-03   2.3285E-04   5.0103E-03   5.6968E-03   1.2969E+00   3.5733E+00
   1.8464E-01   8.8142E-03   1.7716E-02   3.0938E-02   8.9227E-02  -2.4976E+00  -6.7627E+01   3.4720E-03   6.1626E-04   5.8242E-03   7.7272E-03   1.0187E+01   2.6735E+01   3.8191E-03   6.0004E-04   6.3287E-03   8.3109E-03   1.0406E+01   2.5419E+01   3.1848E-03   2.5696E-04   5.0341E-03   5.7863E-03   1.5421E+00   4.2678E+00
   2.1542E-01   8.6104E-03   1.7439E-02   3.0354E-02   8.7937E-02   8.3823E-01  -6.8608E+01   3.4993E-03   6.7028E-04   5.9192E-03   7.9219E-03   1.1907E+01   3.0962E+01   3.8283E-03   6.4815E-04   6.3906E-03   8.4459E-03   1.2189E+01   2.9562E+01   3.1846E-03   2.8445E-04   5.0613E-03   5.8885E-03   1.8263E+00   5.0562E+00
   2.4619E-01   8.3980E-03   1.7150E-02   2.9747E-02   8.6632E-02   4.1642E+00  -6.9989E+01   3.5301E-03   7.3074E-04   6.0259E-03   8.1441E-03   1.3772E+01   3.5484E+01   3.8392E-03   7.0118E-04   6.4600E-03   8.5938E-03   1.4168E+01   3.4113E+01   3.1847E-03   3.1487E-04   5.0919E-03   6.0024E-03   2.1431E+00   5.9169E+00
   2.7696E-01   8.1830E-03   1.6858E-02   2.9132E-02   8.5331E-02   7.4545E+00  -7.1211E+01   3.5642E-03   7.9790E-04   6.1442E-03   8.3974E-03   1.5732E+01   4.0171E+01   3.8519E-03   7.5832E-04   6.5362E-03   8.7595E-03   1.6302E+01   3.8968E+01   3.1851E-03   3.4755E-04   5.1253E-03   6.1259E-03   2.4859E+00   6.8269E+00
   3.0774E-01   7.9693E-03   1.6564E-02   2.8518E-02   8.4029E-02   1.0523E+01  -7.2866E+01   3.6013E-03   8.7089E-04   6.2729E-03   8.6798E-03   1.7734E+01   4.4889E+01   3.8668E-03   8.1891E-04   6.6192E-03   8.9433E-03   1.8539E+01   4.4004E+01   3.1862E-03   3.8175E-04   5.1611E-03   6.2564E-03   2.8474E+00   7.7617E+00
   3.3851E-01   7.8208E-03   1.6365E-02   2.8096E-02   8.3144E-02   1.1596E+01  -7.7936E+01   3.6302E-03   9.2998E-04   6.3753E-03   8.8953E-03   1.9907E+01   4.9693E+01   3.8763E-03   8.7072E-04   6.6852E-03   9.0922E-03   2.1090E+01   4.9468E+01   3.1853E-03   4.0985E-04   5.1878E-03   6.3620E-03   3.2908E+00   8.8078E+00
   3.6929E-01   7.7205E-03   1.6231E-02   2.7812E-02   8.2536E-02   1.1185E+01  -8.5063E+01   3.6506E-03   9.7411E-04   6.4500E-03   9.0391E-03   2.2137E+01   5.4413E+01   3.8799E-03   9.1202E-04   6.7319E-03   9.2001E-03   2.3756E+01   5.4989E+01   3.1825E-03   4.3200E-04   5.2058E-03   6.4418E-03   3.7816E+00   9.9037E+00
   4.0006E-01   7.6326E-03   1.6113E-02   2.7562E-02   8.1948E-02   1.0769E+01  -9.1117E+01   3.6690E-03   1.0146E-03   6.5181E-03   9.1690E-03   2.4231E+01   5.8810E+01   3.8825E-03   9.5091E-04   6.7746E-03   9.3019E-03   2.6229E+01   6.0085E+01   3.1796E-03   4.5255E-04   5.2219E-03   6.5148E-03   4.2498E+00   1.0936E+01
   4.3083E-01   7.5202E-03   1.5937E-02   2.7218E-02   8.1118E-02   1.0545E+01  -9.5158E+01   3.6879E-03   1.0548E-03   6.5866E-03   9.3023E-03   2.6127E+01   6.2796E+01   3.8859E-03   9.8989E-04   6.8187E-03   9.4069E-03   2.8416E+01   6.4607E+01   3.1768E-03   4.7398E-04   5.2392E-03   6.5880E-03   4.6753E+00   1.1868E+01
   4.6161E-01   7.4006E-03   1.5779E-02   2.6880E-02   8.0421E-02   1.0731E+01  -9.6515E+01   3.7079E-03   1.0955E-03   6.6574E-03   9.4461E-03   2.7790E+01   6.6312E+01   3.8911E-03   1.0296E-03   6.8663E-03   9.5219E-03   3.0255E+01   6.8455E+01   3.1750E-03   4.9610E-04   5.2586E-03   6.6625E-03   5.0468E+00   1.2679E+01
   4.9238E-01   7.2671E-03   1.5614E-02   2.6514E-02   7.9745E-02   1.1946E+01  -9.3866E+01   3.7328E-03   1.1414E-03   6.7406E-03   9.6247E-03   2.9186E+01   6.9298E+01   3.9009E-03   1.0733E-03   6.9246E-03   9.6616E-03   3.1694E+01   7.1557E+01   3.1754E-03   5.2127E-04   5.2844E-03   6.7485E-03   5.3538E+00   1.3347E+01
   5.2315E-01   7.1297E-03   1.5477E-02   2.6172E-02   7.9281E-02   1.4186E+01  -8.7178E+01   3.7688E-03   1.2046E-03   6.8578E-03   9.9016E-03   3.0295E+01   7.1721E+01   3.9184E-03   1.1274E-03   7.0050E-03   9.8564E-03   3.2694E+01   7.3862E+01   3.1799E-03   5.5297E-04   5.3229E-03   6.8618E-03   5.5910E+00   1.3866E+01
   5.5393E-01   7.0145E-03   1.5452E-02   2.5974E-02   7.9501E-02   1.8321E+01  -7.4441E+01   3.8320E-03   1.3069E-03   7.0550E-03   1.0379E-02   3.1185E+01   7.3760E+01   3.9553E-03   1.2126E-03   7.1456E-03   1.0207E-02   3.3309E+01   7.5532E+01   3.1941E-03   6.0168E-04   5.3928E-03   7.0471E-03   5.7760E+00   1.4276E+01
   5.8470E-01   6.9264E-03   1.5691E-02   2.6081E-02   8.1295E-02   2.7238E+01  -4.7956E+01   3.9841E-03   1.5541E-03   7.5303E-03   1.1613E-02   3.1984E+01   7.5923E+01   4.0547E-03   1.3936E-03   7.4757E-03   1.1069E-02   3.3771E+01   7.7613E+01   3.2380E-03   6.9930E-04   5.5562E-03   7.4591E-03   5.8943E+00   1.4607E+01
   6.1548E-01   7.1594E-03   1.6979E-02   2.7718E-02   8.9319E-02   4.3876E+01   2.1992E+00   4.4363E-03   2.2297E-03   8.8842E-03   1.4825E-02   3.2651E+01   7.7683E+01   4.3691E-03   1.9073E-03   8.4609E-03   1.3592E-02   3.4003E+01   7.9093E+01   3.3821E-03   9.6855E-04   6.0417E-03   8.7042E-03   6.0522E+00   1.4844E+01
   6.4625E-01   8.4934E-03   2.2330E-02   3.5070E-02   1.2265E-01   7.8444E+01   1.2334E+02   6.7263E-03   5.1305E-03   1.5220E-02   2.7874E-02   3.5274E+01   8.3619E+01   6.3279E-03   4.5820E-03   1.4074E-02   2.5731E-02   3.5394E+01   8.3241E+01   4.1985E-03   2.3791E-03   8.6769E-03   1.5293E-02   6.7907E+00   1.5922E+01
   6.7702E-01   1.1940E-02   3.8664E-02   5.6574E-02   2.3833E-01   1.2427E+02   3.4175E+02   4.3553E-02   6.6070E-02   1.3140E-01   3.2033E-01   6.6089E+01   1.4174E+02   4.0603E-02   5.8668E-02   1.1957E-01   2.8292E-01   6.2703E+01   1.2821E+02   1.4798E-02   2.2723E-02   4.4920E-02   1.1751E-01   1.2087E+01   3.4951E+01
   7.0780E-01   1.0538E-02   3.3759E-02   4.9566E-02   2.0695E-01   1.1998E+02   3.2499E+02   3.4631E-02   5.0941E-02   1.0289E-01   2.4672E-01   6.3909E+01   1.3360E+02   3.2231E-02   4.5051E-02   9.3398E-02   2.1760E-01   5.9803E+01   1.2177E+02   1.2311E-02   1.7939E-02   3.6406E-02   9.3253E-02   1.2629E+01   3.4176E+01
   7.3857E-01   9.2796E-03   2.9563E-02   4.3482E-02   1.8084E-01   1.1534E+02   3.0900E+02   3.0146E-02   4.3565E-02   8.8784E-02   2.1111E-01   6.2848E+01   1.3020E+02   2.7982E-02   3.8489E-02   8.0462E-02   1.8660E-01   5.8566E+01   1.1907E+02   1.0945E-02   1.5461E-02   3.1879E-02   8.0762E-02   1.2751E+01   3.3667E+01
   7.6934E-01   8.0941E-03   2.5680E-02   3.7821E-02   1.5691E-01   1.1035E+02   2.9283E+02   2.6400E-02   3.7717E-02   7.7317E-02   1.8335E-01   6.1421E+01   1.2657E+02   2.4557E-02   3.3211E-02   7.0047E-02   1.6145E-01   5.7168E+01   1.1602E+02   9.7924E-03   1.3402E-02   2.8091E-02   7.0491E-02   1.2658E+01   3.2875E+01
   8.0012E-01   6.9343E-03   2.1953E-02   3.2355E-02   1.3414E-01   1.0615E+02   2.7976E+02   2.2986E-02   3.2315E-02   6.6794E-02   1.5754E-01   5.9067E+01   1.2131E+02   2.1399E-02   2.8339E-02   6.0438E-02   1.3814E-01   5.5038E+01   1.1139E+02   8.7200E-03   1.1491E-02   2.4571E-02   6.0946E-02   1.2323E+01   3.1556E+01
   8.3089E-01   5.8928E-03   1.8617E-02   2.7457E-02   1.1378E-01   1.0125E+02   2.6558E+02   1.9927E-02   2.7481E-02   5.7371E-02   1.3437E-01   5.6308E+01   1.1543E+02   1.8602E-02   2.4030E-02   5.1932E-02   1.1753E-01   5.2605E+01   1.0622E+02   7.7774E-03   9.8100E-03   2.1476E-02   5.2529E-02   1.1869E+01   2.9995E+01
   8.6167E-01   4.9771E-03   1.5687E-02   2.3153E-02   9.5916E-02   9.5635E+01   2.5006E+02   1.7265E-02   2.3264E-02   4.9162E-02   1.1406E-01   5.3302E+01   1.0914E+02   1.6173E-02   2.0265E-02   4.4525E-02   9.9574E-02   4.9971E+01   1.0072E+02   6.9516E-03   8.3461E-03   1.8774E-02   4.5199E-02   1.1334E+01   2.8292E+01
   8.9244E-01   4.1858E-03   1.3153E-02   1.9432E-02   8.0464E-02   8.8797E+01   2.3201E+02   1.4946E-02   1.9627E-02   4.2046E-02   9.6667E-02   5.0148E+01   1.0266E+02   1.4083E-02   1.7066E-02   3.8190E-02   8.4309E-02   4.7148E+01   9.5034E+01   6.2317E-03   7.0654E-03   1.6413E-02   3.8779E-02   1.0744E+01   2.6539E+01
   9.2321E-01   3.5132E-03   1.0995E-02   1.6264E-02   6.7288E-02   8.1306E+01   2.1176E+02   1.2962E-02   1.6515E-02   3.5959E-02   8.1791E-02   4.6947E+01   9.6151E+01   1.2324E-02   1.4385E-02   3.2871E-02   7.1527E-02   4.4165E+01   8.9239E+01   5.6148E-03   5.9726E-03   1.4395E-02   3.3276E-02   1.0099E+01   2.4791E+01
   9.5399E-01   2.9488E-03   9.1761E-03   1.3599E-02   5.6165E-02   7.3743E+01   1.9104E+02   1.1281E-02   1.3876E-02   3.0797E-02   6.9155E-02   4.3706E+01   8.9704E+01   1.0859E-02   1.2180E-02   2.8468E-02   6.0956E-02   4.1056E+01   8.3344E+01   5.0917E-03   5.0555E-03   1.2693E-02   2.8618E-02   9.4157E+00   2.3038E+01
   9.8476E-01   2.4800E-03   7.6581E-03   1.1378E-02   4.6855E-02   6.6222E+01   1.7088E+02   9.8612E-03   1.1648E-02   2.6440E-02   5.8437E-02   4.0431E+01   8.3309E+01   9.6432E-03   1.0388E-02   2.4853E-02   5.2295E-02   3.7832E+01   7.7322E+01   4.6431E-03   4.2941E-03   1.1259E-02   2.4708E-02   8.6892E+00   2.1261E+01
   1.0155E+00   2.1318E-03   6.4960E-03   9.6938E-03   3.9615E-02   5.8802E+01   1.5047E+02   8.7811E-03   9.8918E-03   2.3063E-02   4.9755E-02   3.7284E+01   7.7524E+01   8.7717E-03   9.2296E-03   2.2387E-02   4.6400E-02   3.4734E+01   7.2048E+01   4.2878E-03   3.7528E-03   1.0185E-02   2.1835E-02   7.9233E+00   1.9511E+01
   1.0463E+00   1.8457E-03   5.5314E-03   8.2999E-03   3.3573E-02   5.1824E+01   1.3153E+02   7.8951E-03   8.5624E-03   2.0405E-02   4.3037E-02   3.3971E+01   7.1636E+01   8.0047E-03   8.4003E-03   2.0407E-02   4.2196E-02   3.1438E+01   6.6492E+01   3.9562E-03   3.3147E-03   9.2491E-03   1.9561E-02   7.0895E+00   1.7634E+01
   1.0771E+00   1.6056E-03   4.7210E-03   7.1294E-03   2.8495E-02   4.5410E+01   1.1437E+02   7.1428E-03   7.6224E-03   1.8337E-02   3.8251E-02   3.0510E+01   6.5501E+01   7.2377E-03   7.7469E-03   1.8603E-02   3.9137E-02   2.8025E+01   6.0544E+01   3.6300E-03   2.9183E-03   8.3633E-03   1.7625E-02   6.2238E+00   1.5668E+01
   1.1079E+00   1.4057E-03   4.0513E-03   6.1599E-03   2.4311E-02   3.9278E+01   9.8034E+01   6.4771E-03   6.9650E-03   1.6681E-02   3.5038E-02   2.7100E+01   5.9326E+01   6.4842E-03   7.1459E-03   1.6872E-02   3.6696E-02   2.4685E+01   5.4442E+01   3.3171E-03   2.5377E-03   7.5134E-03   1.5842E-02   5.3876E+00   1.3752E+01
   1.1386E+00   1.2411E-03   3.5084E-03   5.3701E-03   2.0945E-02   3.3562E+01   8.3298E+01   5.8633E-03   6.4369E-03   1.5232E-02   3.2673E-02   2.3945E+01   5.3389E+01   5.7830E-03   6.5208E-03   1.5195E-02   3.4325E-02   2.1618E+01   4.8493E+01   3.0301E-03   2.1735E-03   6.7187E-03   1.4130E-02   4.6364E+00   1.2016E+01
   1.1694E+00   1.1061E-03   3.0726E-03   4.7318E-03   1.8268E-02   2.8267E+01   6.9983E+01   5.3087E-03   5.9348E-03   1.3898E-02   3.0540E-02   2.1126E+01   4.7839E+01   5.1625E-03   5.8707E-03   1.3615E-02   3.1752E-02   1.8911E+01   4.2937E+01   2.7776E-03   1.8450E-03   6.0113E-03   1.2532E-02   3.9828E+00   1.0511E+01
   1.2002E+00   9.9435E-04   2.7207E-03   4.2122E-03   1.6133E-02   2.3410E+01   5.8050E+01   4.8101E-03   5.4218E-03   1.2637E-02   2.8325E-02   1.8643E+01   4.2740E+01   4.6318E-03   5.2298E-03   1.2178E-02   2.8981E-02   1.6588E+01   3.7935E+01   2.5614E-03   1.5688E-03   5.4109E-03   1.1116E-02   3.4182E+00   9.2322E+00
   1.2310E+00   8.9813E-04   2.4285E-03   3.7757E-03   1.4397E-02   1.8742E+01   4.6601E+01   4.3311E-03   4.7987E-03   1.1295E-02   2.5463E-02   1.6451E+01   3.7982E+01   4.1708E-03   4.5538E-03   1.0810E-02   2.5667E-02   1.4637E+01   3.3489E+01   2.3744E-03   1.3314E-03   4.8931E-03   9.8111E-03   2.9305E+00   8.1481E+00
   1.2617E+00   8.1188E-04   2.1729E-03   3.3907E-03   1.2903E-02   1.4493E+01   3.6192E+01   3.8705E-03   4.1312E-03   9.9370E-03   2.2302E-02   1.4407E+01   3.3465E+01   3.7503E-03   3.8840E-03   9.5095E-03   2.2198E-02   1.2877E+01   2.9412E+01   2.2032E-03   1.1189E-03   4.4238E-03   8.5901E-03   2.4787E+00   7.1439E+00
   1.2925E+00   7.3060E-04   1.9320E-03   3.0279E-03   1.1498E-02   1.0830E+01   2.7177E+01   3.4025E-03   3.4295E-03   8.5332E-03   1.8973E-02   1.2345E+01   2.8914E+01   3.3260E-03   3.1897E-03   8.1787E-03   1.8592E-02   1.1109E+01   2.5348E+01   2.0337E-03   9.0648E-04   3.9571E-03   7.3513E-03   2.0382E+00   6.1140E+00
   1.3233E+00   6.4646E-04   1.6727E-03   2.6424E-03   9.9539E-03   7.8203E+00   1.9694E+01   2.8756E-03   2.6146E-03   6.9280E-03   1.5136E-02   1.0080E+01   2.3839E+01   2.8459E-03   2.3745E-03   6.6434E-03   1.4415E-02   9.1306E+00   2.0769E+01   1.8524E-03   6.6493E-04   3.4435E-03   5.9433E-03   1.6089E+00   4.9739E+00
   1.3540E+00   5.5280E-04   1.3733E-03   2.2025E-03   8.1130E-03   5.5394E+00   1.4091E+01   2.2789E-03   1.6149E-03   5.0332E-03   1.0323E-02   7.5011E+00   1.7724E+01   2.3192E-03   1.4370E-03   4.9158E-03   9.5170E-03   6.8578E+00   1.5270E+01   1.6596E-03   3.9969E-04   2.8891E-03   4.3851E-03   1.2143E+00   3.7233E+00
   1.3848E+00   4.4351E-04   1.0282E-03   1.6935E-03   5.9816E-03   3.9172E+00   9.9107E+00   1.7793E-03   7.3501E-04   3.4039E-03   5.7463E-03   5.0016E+00   1.1311E+01   1.8952E-03   7.2887E-04   3.5716E-03   5.7104E-03   4.7576E+00   1.0209E+01   1.4894E-03   1.9211E-04   2.4263E-03   3.1499E-03   8.7641E-01   2.5670E+00
   1.4156E+00   3.2274E-04   6.7070E-04   1.1548E-03   3.8221E-03   2.9558E+00   7.0885E+00   1.5078E-03   3.4653E-04   2.6082E-03   3.6862E-03   3.2763E+00   7.5332E+00   1.6599E-03   4.3881E-04   2.9286E-03   4.1730E-03   3.2542E+00   7.5139E+00   1.3702E-03   8.9312E-05   2.1447E-03   2.4931E-03   5.5122E-01   1.6591E+00
   1.4464E+00   2.1730E-04   3.9948E-04   7.2542E-04   2.2423E-03   2.1936E+00   4.5949E+00   1.3598E-03   2.1295E-04   2.2526E-03   2.9893E-03   2.0722E+00   5.1320E+00   1.5143E-03   2.9810E-04   2.5695E-03   3.5377E-03   2.1605E+00   5.1241E+00   1.2860E-03   3.2103E-05   1.9611E-03   2.1401E-03   2.9679E-01   1.0049E+00
   1.4771E+00   1.3556E-04   2.0701E-04   4.1034E-04   1.1907E-03   1.4438E+00   2.4828E+00   1.2846E-03   7.6167E-05   2.0030E-03   2.4035E-03   1.4146E+00   3.4656E+00   1.5585E-03   1.4477E-04   2.4826E-03   2.8589E-03   2.4725E+00   5.2574E+00   1.2680E-03   5.5091E-06   1.9075E-03   1.8927E-03   1.8069E-01   7.2670E-01
   1.5079E+00   8.3863E-05   9.0268E-05   2.1606E-04   5.8667E-04   8.6148E-01   1.3999E+00   1.4070E-03   1.0970E-04   2.2201E-03   2.2584E-03   1.9280E+00   4.7694E+00   1.7969E-03   5.2074E-04   3.2160E-03   3.9018E-03   3.3942E+00   9.5756E+00   1.3083E-03   1.5672E-04   2.1191E-03   2.3728E-03   2.1813E-01   9.3194E-01
   1.5387E+00   5.6515E-05   1.6109E-05   1.0088E-04   2.2096E-04   3.7647E-01   7.2825E-01   1.4017E-03   3.7707E-04   2.4796E-03   3.5039E-03   6.5441E-01   3.5760E+00   1.5588E-03   5.5677E-04   2.8949E-03   4.6650E-03  -3.2072E-01   2.5857E+00   1.2521E-03   8.2716E-05   1.9609E-03   2.3549E-03  -1.6691E-01   7.0140E-03
