%(1)r,m	(2)ne,10^20/m^3	(3)nD,10^20/m^3	(4)nT,10^20/m^3	(5)nHe,10^20/m^3	(6)Te,keV	(7)TD,keV	(8)TT,keV	(9)Er,kV/m	(10)Zeff	(11)pressure,Pa	(12)PNBIe	(13)PNBIi	(14)PECRH	(15)Palpha	(16)D11e,m^2/s	(17)D12e	(18)D21e	(19)D22e	(20)D11D	(21)D12D	(22)D21D	(23)D22D	(24)D11T	(25)D12T	(26)D21T	(27)D22T	(28)D31e	(29)D32e	(30)D31D	(31)D32D	(32)D31T	(33)D32T	(34)Dpsi	(35)Sigma,A/V/m	(36)DeAno	(37)XeAno	(38)XiAno	(39)beta	(40)Nue	(41)NuD	(42)NuT	(43)roStarD	(44)roStarT	(45)FluxN	(46)FluxQe	(47)FluxQi	(48)FluxNeo	(49)FluxAno	(50)FluxQeNeo	(51)FluxQiNeo	(52)FluxQeAno	(53)FluxQiAno	(54)AmbiFlux	(55)J_bse,A/m^2	(56)J_bsi	(57)J_bs,A/m^2	(58)J_eccd	(59)J_nbcd	(60)J_cd	(61)J_ohm	(62)J_tor	(63)I_bs,A	(64)I_eccd	(65)I_nbcd	(66)I_cd	(67)I_tor	(68)I_ohm	(69)iotaCF	(70)iotaBS	(71)iota	
0	2.4099	0.89995	0.89995	0.30501	19.369	18.729	18.715	0	1.2531	1.3793e+06	0	0	0	1.801	0.0094921	0.018656	0.032895	0.094336	0.0033885	0.00045895	0.0055418	0.0072031	0.0037894	0.0004599	0.006144	0.0079745	-15.537	-68.301	5.0098	13.494	5.2848	13.132	0.0016186	4.9164e+08	0.011447	0.24802	0.24802	16.345	0.0032792	0.0016838	0.0014867	0.0036345	0.0044496	0.00084133	0.0074536	0.0050628	0.00058306	0.00025827	0.0014965	0.00039094	0.005957	0.0046719	-0.00013968	0	0	0	0	0	0	4714.5	4714.5	0	0	0	0	0	0	1.368	1.3686	1.373	
0.030774	2.4096	0.89993	0.89993	0.30485	19.36	18.719	18.705	1.7394	1.253	1.3784e+06	0	0	0	1.7995	0.0094707	0.01862	0.032826	0.094103	0.0033903	0.0004584	0.0055439	0.0071495	0.0037907	0.00045881	0.0061449	0.0079172	-15.165	-68.173	5.125	13.807	5.3928	13.397	0.0016191	4.9149e+08	0.011449	0.24805	0.24805	16.335	0.0032808	0.0016847	0.0014876	0.0036332	0.0044481	0.0016819	0.014903	0.010125	0.0011653	0.00051662	0.0029862	0.00077993	0.011917	0.0093453	-0.00025516	101.95	37.767	139.72	0	0	0	4714.5	4854.2	0.4538	0	0	0	15.767	15.313	1.368	1.3681	1.373	
0.061548	2.4075	0.89983	0.89983	0.30391	19.304	18.659	18.645	3.4688	1.2525	1.3733e+06	0	0	0	1.7908	0.0093987	0.018512	0.03261	0.093436	0.0033982	0.00047338	0.0055706	0.0072128	0.003794	0.00047282	0.0061638	0.0079732	-13.704	-67.667	5.5735	15.006	5.8186	14.46	0.0016233	4.9022e+08	0.011458	0.24827	0.24827	16.274	0.0032939	0.0016922	0.0014941	0.0036261	0.0044394	0.0033847	0.029757	0.020219	0.0023404	0.0010443	0.0059404	0.0015665	0.023817	0.018653	-0.00053866	210	81.899	291.9	0	0	0	4734.4	5026.3	2.8025	0	0	0	64.162	61.36	1.3679	1.3681	1.373	
0.092321	2.404	0.89963	0.89963	0.30234	19.212	18.559	18.545	5.1771	1.2515	1.3647e+06	0	0	0	1.7763	0.0092886	0.018353	0.032286	0.092502	0.0034105	0.00049704	0.0056128	0.0073058	0.0037986	0.00049412	0.006192	0.0080408	-11.456	-67.207	6.3186	16.959	6.5379	16.223	0.0016305	4.8805e+08	0.011475	0.24863	0.24863	16.172	0.0033168	0.0017051	0.0015055	0.0036144	0.004425	0.0050748	0.044468	0.030221	0.0035128	0.0015621	0.0088149	0.0023555	0.035653	0.027865	-0.0007143	330.71	138.55	469.27	0	0	0	4766.3	5235.6	9.2617	0	0	0	147.72	138.45	1.3678	1.3681	1.3729	
0.1231	2.3991	0.89938	0.89938	0.30017	19.082	18.421	18.406	6.8504	1.2502	1.3527e+06	0	0	0	1.756	0.0091588	0.018189	0.031927	0.091566	0.0034271	0.0005284	0.0056691	0.0074122	0.0038042	0.00052193	0.0062283	0.0081051	-8.7556	-66.897	7.348	19.608	7.5474	18.661	0.001641	4.8493e+08	0.011499	0.24913	0.24913	16.031	0.00335	0.0017239	0.001522	0.0035979	0.0044049	0.0067804	0.059012	0.040085	0.0047056	0.0020748	0.011628	0.0031449	0.047384	0.03694	-0.0011236	467.23	213.78	681.01	0	0	0	4808.5	5489.5	22.644	0	0	0	269.72	247.07	1.3676	1.368	1.3729	
0.15387	2.3928	0.89903	0.89903	0.29739	18.917	18.244	18.23	8.4795	1.2486	1.3375e+06	0	0	0	1.73	0.008988	0.017949	0.031431	0.090343	0.0034475	0.00056775	0.005739	0.0075499	0.0038109	0.00055676	0.0062731	0.0081903	-5.7054	-66.945	8.6399	22.879	8.8359	21.725	0.001655	4.8082e+08	0.011529	0.24979	0.24979	15.851	0.003394	0.0017485	0.0015436	0.0035769	0.0043792	0.0085035	0.073294	0.049773	0.0059035	0.0026	0.014335	0.0039408	0.058959	0.045832	-0.0013984	624.18	313.14	937.31	0	0	0	4858.8	5796.1	46.6	0	0	0	434.41	387.81	1.3674	1.368	1.3728	
0.18464	2.3852	0.89858	0.89858	0.29403	18.716	18.03	18.016	10.054	1.2465	1.3191e+06	0	0	0	1.6983	0.0087972	0.017684	0.03088	0.089066	0.0034713	0.00061472	0.0058216	0.0077182	0.0038187	0.00059861	0.0063266	0.0083028	-2.4509	-67.438	10.163	26.676	10.384	25.358	0.0016729	4.7568e+08	0.011565	0.25058	0.25058	15.633	0.0034481	0.0017787	0.0015702	0.0035515	0.004348	0.010252	0.087257	0.059236	0.0071163	0.0031361	0.01694	0.004743	0.070316	0.054493	-0.0016827	803.88	441.14	1245	0	0	0	4914.7	6159.7	85.81	0	0	0	647.12	561.31	1.3671	1.3678	1.3727	
0.21542	2.3762	0.89798	0.89798	0.2901	18.48	17.781	17.768	11.562	1.2442	1.2976e+06	0	0	0	1.6609	0.0085935	0.017407	0.030297	0.087779	0.0034985	0.00066871	0.0059165	0.0079129	0.0038277	0.00064667	0.0063883	0.0084372	0.88707	-68.398	11.879	30.893	12.163	29.492	0.001695	4.6949e+08	0.01161	0.25154	0.25154	15.378	0.0035139	0.0018151	0.0016022	0.0035219	0.0043118	0.011972	0.10083	0.068429	0.0083284	0.0036438	0.019419	0.0055409	0.081416	0.062888	-0.0019196	1008	600.69	1608.7	0	0	0	4973.3	6582.1	146.07	0	0	0	914.26	768.19	1.3667	1.3677	1.3726	
0.24619	2.3659	0.89733	0.89733	0.28562	18.21	17.498	17.485	12.994	1.2414	1.2733e+06	0	0	0	1.6183	0.0083814	0.017119	0.029691	0.086477	0.0035293	0.00072913	0.006023	0.008135	0.0038386	0.00069968	0.0064575	0.0085852	4.2169	-69.752	13.739	35.403	14.136	34.032	0.0017216	4.6223e+08	0.01166	0.25263	0.25263	15.089	0.0035935	0.0018589	0.0016408	0.0034885	0.0042709	0.013709	0.11393	0.077291	0.0095506	0.0041583	0.021767	0.0063393	0.092168	0.070951	-0.0020962	1234.6	793.8	2028.4	0	0	0	5031.5	7059.8	234.24	0	0	0	1243.3	1009	1.3664	1.3675	1.3725	
0.27696	2.3542	0.89648	0.89648	0.28062	17.907	17.183	17.17	14.343	1.2384	1.2461e+06	0	0	0	1.5702	0.0081667	0.016827	0.029077	0.08518	0.0035633	0.00079642	0.0061414	0.0083891	0.0038512	0.0007568	0.0065336	0.0087509	7.5123	-70.943	15.694	40.078	16.264	38.876	0.0017532	4.5389e+08	0.011718	0.25389	0.25389	14.767	0.0036877	0.0019104	0.001686	0.0034516	0.0042257	0.015512	0.12649	0.085783	0.010796	0.004716	0.023985	0.0071441	0.10251	0.078639	-0.00225	1471.8	1021.2	2493	0	0	0	5085.7	7578.7	357.89	0	0	0	1642	1284.2	1.3659	1.3673	1.3723	
0.30774	2.3411	0.89543	0.89543	0.27513	17.572	16.838	16.825	15.604	1.235	1.2163e+06	0	0	0	1.5168	0.0079532	0.016533	0.028463	0.08388	0.0036004	0.00086943	0.0062701	0.008672	0.0038661	0.00081753	0.0066167	0.0089356	10.589	-72.558	17.69	44.784	18.495	43.901	0.0017904	4.4448e+08	0.011783	0.2553	0.2553	14.414	0.0037976	0.00197	0.0017384	0.0034116	0.0041767	0.017255	0.1384	0.093846	0.012017	0.0052374	0.026006	0.0079359	0.11239	0.08591	-0.0019823	1725.7	1280.1	3005.8	0	0	0	5132.7	8138.5	525.26	0	0	0	2119.1	1593.8	1.3657	1.3674	1.3724	
0.33851	2.3268	0.89423	0.89423	0.26919	17.208	16.466	16.453	16.786	1.2314	1.1841e+06	0	0	0	1.4587	0.0078047	0.016335	0.028042	0.082997	0.0036293	0.00092855	0.0063725	0.0088878	0.0038755	0.00086939	0.0066826	0.0090851	11.674	-77.577	19.856	49.575	21.039	49.351	0.0018343	4.3383e+08	0.011856	0.25687	0.25687	14.033	0.0039257	0.0020388	0.0017989	0.0033693	0.0041249	0.018969	0.14955	0.10141	0.013229	0.0057409	0.027882	0.0086687	0.12167	0.09274	-0.0020248	2013.9	1583.9	3597.8	0	0	0	5166.7	8764.4	746.69	0	0	0	2684.5	1937.8	1.3657	1.3676	1.3726	
0.36929	2.3113	0.89283	0.89283	0.26283	16.815	16.068	16.055	17.887	1.2274	1.1499e+06	0	0	0	1.3962	0.0077044	0.016201	0.027758	0.082385	0.0036497	0.00097275	0.0064473	0.0090321	0.0038791	0.00091073	0.0067293	0.0091933	11.281	-84.644	22.08	54.281	23.697	54.859	0.0018855	4.2205e+08	0.011935	0.2586	0.2586	13.627	0.0040731	0.0021175	0.0018681	0.0033246	0.0040702	0.020722	0.15988	0.10845	0.014438	0.0062843	0.029601	0.0093383	0.13028	0.09911	-0.0023905	2321.8	1925.9	4247.6	0	0	0	5185.2	9432.8	1034	0	0	0	3349.5	2315.5	1.3651	1.3673	1.3723	
0.40006	2.2944	0.89113	0.89113	0.25609	16.397	15.647	15.635	18.894	1.2232	1.1136e+06	0	0	0	1.3292	0.0076166	0.016083	0.027508	0.0818	0.0036681	0.0010133	0.0065155	0.0091623	0.0038816	0.00094963	0.006772	0.0092953	10.881	-90.634	24.167	58.665	26.163	59.94	0.0019439	4.0938e+08	0.012023	0.2605	0.2605	13.197	0.0042412	0.0022066	0.0019465	0.0032771	0.004012	0.022474	0.16941	0.11497	0.015646	0.0068283	0.031128	0.0099574	0.13828	0.10501	-0.0030428	2617.5	2284.8	4902.3	0	0	0	5187.4	10090	1397.1	0	0	0	4123	2726	1.3641	1.3667	1.3717	
0.43083	2.2764	0.88918	0.88918	0.249	15.955	15.206	15.194	19.781	1.2188	1.0756e+06	0	0	0	1.2586	0.0075036	0.015907	0.027162	0.080969	0.003687	0.0010535	0.0065841	0.009296	0.003885	0.00098862	0.0068161	0.0094005	10.656	-94.624	26.056	62.637	28.342	64.447	0.0020101	3.9589e+08	0.012118	0.26257	0.26257	12.747	0.0044326	0.0023074	0.002035	0.003227	0.0039506	0.024192	0.17796	0.12094	0.016799	0.0073928	0.032377	0.01053	0.14559	0.11041	-0.0031113	2871.4	2648.9	5520.3	0	0	0	5171.3	10692	1842.5	0	0	0	5010.2	3167.7	1.3626	1.3656	1.3706	
0.46161	2.2569	0.88683	0.88683	0.24161	15.491	14.747	14.735	20.545	1.2141	1.0361e+06	0	0	0	1.1845	0.007384	0.015749	0.026825	0.080274	0.0037071	0.0010942	0.0066549	0.0094402	0.0038903	0.0010283	0.0068638	0.0095157	10.857	-95.916	27.712	66.139	30.172	68.281	0.0020848	3.817e+08	0.012223	0.26483	0.26483	12.279	0.0046491	0.0024207	0.0021345	0.0031744	0.0038863	0.025966	0.18558	0.12634	0.017988	0.0079785	0.033487	0.011055	0.15209	0.11529	-0.0040391	3058.6	3008	6066.6	0	0	0	5135.6	11202	2372.9	0	0	0	6011.7	3638.8	1.3608	1.3641	1.3692	
0.49238	2.2362	0.88413	0.88413	0.23397	15.008	14.272	14.261	21.149	1.2093	9.9539e+05	0	0	0	1.1078	0.0072504	0.015584	0.026459	0.0796	0.0037321	0.0011402	0.0067383	0.0096192	0.0039	0.0010721	0.0069221	0.0096557	12.083	-93.214	29.102	69.112	31.604	71.368	0.0021688	3.6692e+08	0.012336	0.26728	0.26728	11.796	0.0048938	0.002548	0.0022461	0.0031196	0.0038192	0.027762	0.19213	0.13117	0.019195	0.0085671	0.034424	0.011536	0.15771	0.11963	-0.0056898	3146.8	3348.2	6495	0	0	0	5079.5	11574	2986.1	0	0	0	7122.9	4136.8	1.3589	1.3626	1.3677	
0.52315	2.2142	0.88098	0.88098	0.22609	14.51	13.783	13.774	21.529	1.2042	9.5364e+05	0	0	0	1.029	0.0071129	0.015447	0.026117	0.079137	0.0037682	0.0012037	0.0068561	0.0098979	0.0039177	0.0011264	0.0070029	0.0098518	14.333	-86.475	30.204	71.523	32.597	73.659	0.0022628	3.5168e+08	0.012459	0.26994	0.26994	11.301	0.0051692	0.0026906	0.0023711	0.0030625	0.0037495	0.029739	0.19758	0.13542	0.020531	0.009208	0.03532	0.011997	0.16226	0.12342	-0.0097209	3103.5	3655.8	6759.3	0	0	0	5002.9	11762	3673.1	0	0	0	8332	4658.9	1.3569	1.3609	1.366	
0.55393	2.1907	0.87733	0.87733	0.21802	13.999	13.285	13.278	21.525	1.199	9.1114e+05	0	0	0	0.94884	0.0069977	0.015422	0.025919	0.079357	0.0038316	0.0013062	0.0070537	0.010376	0.0039547	0.0012117	0.0071438	0.010203	18.476	-73.674	31.089	73.55	33.205	75.317	0.0023673	3.3616e+08	0.012592	0.27283	0.27283	10.798	0.0054778	0.0028503	0.0025106	0.0030032	0.0036772	0.032126	0.20186	0.13908	0.022229	0.0098972	0.03647	0.012474	0.16539	0.12661	-0.02005	2858.3	3917.6	6775.8	0	0	0	4907	11683	4415.2	0	0	0	9617.3	5202.1	1.3547	1.359	1.3641	
0.5847	2.1658	0.87313	0.87313	0.20975	13.482	12.778	12.775	20.733	1.1937	8.6822e+05	0	0	0	0.86819	0.0069096	0.015661	0.026025	0.081151	0.003984	0.0015538	0.0075298	0.011611	0.0040544	0.001393	0.0074745	0.011067	27.382	-47.171	31.882	75.698	33.662	77.383	0.0024826	3.2054e+08	0.012737	0.27597	0.27597	10.289	0.0058199	0.0030281	0.0026655	0.0029421	0.0036028	0.035558	0.20439	0.14213	0.024876	0.010682	0.038464	0.013216	0.16593	0.12892	-0.04434	2156.8	4116.8	6273.6	0	0	0	4793.7	11067	5169.2	0	0	0	10932	5763	1.3526	1.3572	1.3622	
0.61548	2.1391	0.86828	0.86828	0.20126	12.97	12.268	12.269	18.199	1.1882	8.2539e+05	0	0	0	0.78811	0.0071407	0.016944	0.027655	0.089157	0.004437	0.0022304	0.0088859	0.014827	0.0043694	0.0019076	0.0084618	0.013593	43.973	2.9436	32.545	77.444	33.89	78.849	0.0026073	3.0521e+08	0.012896	0.27942	0.27942	9.7816	0.0061904	0.003225	0.0028365	0.0028796	0.003527	0.041582	0.20393	0.14401	0.030057	0.011525	0.043437	0.014847	0.1605	0.12917	-0.1009	546	4128.7	4674.7	0	0	0	4668.8	9343.5	5832.9	0	0	0	12171	6338.5	1.3504	1.3551	1.3602	
0.64625	2.1108	0.86273	0.86273	0.19265	12.489	11.766	11.774	11.703	1.1825	7.8406e+05	0	0	0	0.71085	0.0084676	0.022276	0.034978	0.12239	0.00673	0.0051357	0.015231	0.027897	0.0063317	0.0045864	0.014084	0.025749	78.392	123.78	35.165	83.363	35.281	82.99	0.0027343	2.9103e+08	0.013069	0.28317	0.28317	9.2917	0.0065652	0.0034381	0.0030204	0.002817	0.0034513	0.052815	0.19293	0.13151	0.041756	0.011059	0.05686	0.020529	0.13607	0.11098	-0.19414	-3372.9	3570.5	197.57	0	0	0	4545.6	4743.2	6137.2	0	0	0	13064	6926.4	1.3484	1.3529	1.3579	
0.67702	2.087	0.85638	0.85638	0.18712	12.133	11.414	11.416	-2.4174	1.1793	7.5316e+05	0	0	0	0.65319	0.01188	0.038469	0.056289	0.23714	0.043402	0.065837	0.13094	0.31923	0.040465	0.058466	0.11916	0.28197	123.76	340.42	65.855	141.27	62.479	127.78	0.0028358	2.8062e+08	0.013218	0.28639	0.28639	8.9256	0.0068665	0.0036007	0.0031659	0.0027716	0.0033947	0.09797	0.22749	0.18634	0.087163	0.010807	0.11732	0.10369	0.11017	0.08265	0.34776	-11805	3028.4	-8776.6	0	0	0	4467.3	-4309.3	5550.7	0	0	0	13079	7528.4	1.3465	1.3502	1.3553	
0.7078	2.0604	0.84914	0.84914	0.18109	11.815	11.146	11.142	-2.9348	1.1758	7.2559e+05	0	0	0	0.60718	0.010481	0.033573	0.049295	0.20581	0.034459	0.050669	0.10236	0.24543	0.032078	0.04485	0.092967	0.21684	119.47	323.65	63.638	133.05	59.544	121.29	0.0029312	2.7148e+08	0.013388	0.29008	0.29008	8.5988	0.0071371	0.0037156	0.0032692	0.0027359	0.0033501	0.089762	0.20865	0.14865	0.07751	0.012253	0.10056	0.072029	0.10809	0.076622	0.004009	-11506	2655.7	-8850.2	0	0	0	4398.1	-4452.2	4320.8	0	0	0	12468	8146.9	1.3448	1.3475	1.3525	
0.73857	2.0307	0.84099	0.84099	0.17436	11.475	10.844	10.836	-3.2957	1.1717	6.9574e+05	0	0	0	0.55787	0.0092266	0.029392	0.043232	0.1798	0.029995	0.043328	0.088321	0.20998	0.027844	0.03828	0.080046	0.18561	114.8	307.62	62.568	129.66	58.302	118.58	0.0030403	2.6174e+08	0.013585	0.29433	0.29433	8.2451	0.007441	0.0038531	0.0033913	0.0026956	0.0033002	0.087873	0.20831	0.15135	0.074013	0.013861	0.092936	0.066864	0.11537	0.084486	0.00017973	-12002	2885.7	-9116.1	0	0	0	4308.1	-4808	3013.8	0	0	0	11794	8779.9	1.3433	1.345	1.35	
0.76934	1.9977	0.83174	0.83174	0.16709	11.113	10.518	10.509	-3.6501	1.1673	6.6405e+05	0	0	0	0.50684	0.0080452	0.025522	0.03759	0.15595	0.026274	0.037508	0.076919	0.18233	0.02443	0.033019	0.069664	0.16054	109.81	291.46	61.128	126.01	56.898	115.51	0.0031654	2.514e+08	0.013809	0.2992	0.2992	7.8695	0.0077839	0.00401	0.0035297	0.0026519	0.0032465	0.085399	0.20743	0.15241	0.06983	0.015569	0.084718	0.061371	0.12272	0.091043	-0.00066093	-12418	3060.3	-9357.8	0	0	0	4197.5	-5160.3	1615.5	0	0	0	11039	9423.3	1.342	1.3428	1.3478	
0.80012	1.9613	0.82134	0.82134	0.15931	10.729	10.171	10.16	-4.0307	1.1625	6.3065e+05	0	0	0	0.45483	0.00689	0.021811	0.032146	0.13327	0.022865	0.032125	0.066422	0.15664	0.021289	0.028173	0.060107	0.13735	105.6	278.41	58.772	120.75	54.768	110.88	0.0033095	2.4045e+08	0.014065	0.30475	0.30475	7.4737	0.0081701	0.0041862	0.0036849	0.0026049	0.0031887	0.082054	0.20576	0.15265	0.064664	0.01739	0.07565	0.055186	0.13011	0.09746	-0.00067827	-12897	3175.8	-9721.3	0	0	0	4066.2	-5655.1	115.25	0	0	0	10188	10073	1.3409	1.341	1.3459	
0.83089	1.9216	0.80974	0.80974	0.15104	10.324	9.8017	9.7908	-4.4385	1.1572	5.9573e+05	0	0	0	0.40261	0.0058532	0.018491	0.027271	0.11302	0.019829	0.02733	0.057073	0.13366	0.018514	0.023899	0.05167	0.11692	100.7	264.24	56.025	114.9	52.347	105.73	0.0034761	2.2893e+08	0.014356	0.31105	0.31105	7.0599	0.0086123	0.0043873	0.0038618	0.0025545	0.0031269	0.078554	0.20368	0.15262	0.059162	0.019392	0.066525	0.048917	0.13715	0.1037	2.1137e-07	-13246	3255	-9990.6	0	0	0	3915.1	-6075.4	-1492.3	0	0	0	9231	10723	1.34	1.3393	1.3442	
0.86167	1.8782	0.79674	0.79674	0.14234	9.898	9.4135	9.4023	-4.8756	1.1516	5.595e+05	0	0	0	0.35097	0.0049415	0.015574	0.022986	0.09523	0.017177	0.02313	0.048895	0.11343	0.016094	0.020147	0.044289	0.099019	95.081	248.74	53.018	108.61	49.712	100.23	0.0036685	2.1692e+08	0.014688	0.31824	0.31824	6.6305	0.0091184	0.0046165	0.0040631	0.0025007	0.003061	0.07503	0.20108	0.15225	0.053475	0.021555	0.057584	0.042692	0.14349	0.10956	2.2569e-07	-13408	3291.2	-10117	0	0	0	3746.2	-6371	-3190.5	0	0	0	8179.5	11370	1.3392	1.3378	1.3427	
0.89244	1.8312	0.78234	0.78234	0.13328	9.455	9.0082	8.9969	-5.3366	1.1456	5.2232e+05	0	0	0	0.30092	0.004154	0.013052	0.019283	0.079853	0.014867	0.019506	0.041807	0.0961	0.014013	0.016962	0.037982	0.083826	88.271	230.76	49.866	102.12	46.889	94.546	0.0038908	2.0453e+08	0.015064	0.32639	0.32639	6.19	0.0096991	0.0048783	0.0042928	0.0024437	0.002991	0.07165	0.19796	0.15161	0.047793	0.023857	0.049095	0.036786	0.14887	0.11482	2.386e-07	-13280	3283.3	-9996.9	0	0	0	3561.6	-6435.2	-4947.2	0	0	0	7060.8	12008	1.3384	1.3364	1.3412	
0.92321	1.7807	0.76639	0.76639	0.12395	8.9979	8.589	8.5778	-5.8199	1.1392	4.8455e+05	0	0	0	0.25339	0.003485	0.010905	0.016132	0.066746	0.012893	0.016409	0.035749	0.081294	0.012262	0.014296	0.032689	0.071109	80.814	210.58	46.67	95.625	43.905	88.752	0.0041474	1.9187e+08	0.015492	0.33566	0.33566	5.7423	0.010364	0.0051765	0.0045543	0.0023836	0.0029174	0.068638	0.19438	0.15068	0.042307	0.026331	0.041287	0.03133	0.1531	0.11935	2.5007e-07	-12872	3234.1	-9638	0	0	0	3364.5	-6273.5	-6718.7	0	0	0	5914.1	12633	1.3375	1.335	1.3397	
0.95399	1.7266	0.74884	0.74884	0.11447	8.5306	8.159	8.148	-6.3249	1.1326	4.466e+05	0	0	0	0.20927	0.0029238	0.009097	0.013483	0.055688	0.011222	0.013789	0.030623	0.068748	0.010809	0.012107	0.02832	0.060619	73.224	189.81	43.438	89.195	40.804	82.867	0.0044436	1.7908e+08	0.015977	0.34617	0.34617	5.2926	0.011126	0.0055162	0.0048521	0.0023207	0.0028404	0.066098	0.19038	0.1495	0.037156	0.028942	0.034295	0.026418	0.15609	0.12308	2.5932e-07	-12258	3143.3	-9114.4	0	0	0	3158	-5956.4	-8464.4	0	0	0	4775.5	13240	1.3363	1.3334	1.338	
0.98476	1.6692	0.72964	0.72964	0.10496	8.057	7.7216	7.711	-6.8586	1.1258	4.0887e+05	0	0	0	0.16927	0.0024583	0.0075896	0.011277	0.046444	0.00982	0.01159	0.02632	0.058164	0.0096068	0.010341	0.024751	0.052073	65.731	169.74	40.185	82.843	37.601	76.878	0.0047855	1.6629e+08	0.016527	0.35808	0.35808	4.8454	0.011997	0.0059033	0.0051912	0.0022552	0.0027602	0.064209	0.18595	0.14804	0.032444	0.031766	0.028187	0.022095	0.15776	0.12594	2.6539e-07	-11504	3012.2	-8491.3	0	0	0	2945.4	-5545.9	-10154	0	0	0	3671.8	13826	1.3349	1.3315	1.3361	
1.0155	1.6083	0.70864	0.70864	0.095518	7.5814	7.2804	7.2704	-7.4514	1.1188	3.7171e+05	0	0	0	0.13388	0.0021127	0.0064369	0.0096059	0.039264	0.0087546	0.0098603	0.022992	0.049615	0.0087474	0.0092028	0.022324	0.046281	58.352	149.45	37.066	77.108	34.531	71.646	0.0051794	1.5364e+08	0.017152	0.37163	0.37163	4.405	0.012997	0.0063463	0.0055789	0.0021875	0.0026773	0.063471	0.18142	0.14649	0.028672	0.034799	0.023285	0.018602	0.15813	0.12789	2.7904e-07	-10598	2861.8	-7736.3	0	0	0	2730.4	-5005.9	-11757	0	0	0	2629.4	14386	1.3331	1.3294	1.3339	
1.0463	1.5443	0.68589	0.68589	0.086266	7.1077	6.8383	6.83	-8.1572	1.1117	3.3552e+05	0	0	0	0.10343	0.0018282	0.0054778	0.0082202	0.033257	0.0078673	0.0085285	0.020329	0.042885	0.0079778	0.0083688	0.020336	0.042058	51.412	130.59	33.748	71.202	31.23	66.072	0.0056339	1.4125e+08	0.017863	0.38703	0.38703	3.9762	0.014137	0.006851	0.0060192	0.0021177	0.0025921	0.063443	0.17657	0.14468	0.02536	0.038083	0.019139	0.015691	0.15743	0.12899	2.8448e-07	-9658.3	2658.9	-6999.3	0	0	0	2515.9	-4483.4	-13255	0	0	0	1664.8	14920	1.3307	1.3268	1.3312	
1.0771	1.4771	0.66129	0.66129	0.077261	6.6384	6.3985	6.3921	-8.9758	1.1046	3.0054e+05	0	0	0	0.077894	0.0015885	0.0046673	0.00705	0.028173	0.0070964	0.0075637	0.018208	0.037984	0.0071882	0.0076853	0.018468	0.038874	45.039	113.46	30.221	64.94	27.752	60	0.0061601	1.2918e+08	0.018676	0.40464	0.40464	3.5617	0.015435	0.0074242	0.0065181	0.0020463	0.0025049	0.064125	0.17162	0.14274	0.022434	0.041692	0.015645	0.013314	0.15597	0.12942	2.6734e-07	-8734.4	2409.3	-6325.1	0	0	0	2304.1	-4021	-14647	0	0	0	776.24	15423	1.3279	1.3238	1.3281	
1.1079	1.4069	0.63489	0.63489	0.068567	6.1757	5.9632	5.9587	-9.8113	1.0975	2.6703e+05	0	0	0	0.057059	0.0013882	0.0039949	0.0060772	0.023968	0.0064046	0.00688	0.016487	0.034676	0.0064033	0.0070415	0.016646	0.036277	38.932	97.149	26.721	58.589	24.324	53.719	0.0067722	1.1751e+08	0.019607	0.42483	0.42483	3.1645	0.016917	0.0080759	0.007085	0.0019733	0.0024159	0.065545	0.16664	0.14068	0.019888	0.045656	0.012756	0.0114	0.15388	0.12928	2.2344e-07	-7765.3	2141.9	-5623.4	0	0	0	2096.9	-3526.5	-15929	0	0	0	-33.633	15896	1.3245	1.3202	1.3245	
1.1386	1.3338	0.60664	0.60664	0.060254	5.7213	5.5344	5.5312	-10.511	1.0904	2.3516e+05	0	0	0	0.040536	0.0012239	0.0034524	0.0052882	0.020603	0.005776	0.0063354	0.014999	0.032275	0.0056844	0.0063809	0.014907	0.033777	33.26	82.494	23.521	52.551	21.213	47.652	0.0074886	1.0626e+08	0.020682	0.44812	0.44812	2.7868	0.018611	0.0088181	0.0077309	0.0018989	0.002325	0.067696	0.16175	0.13858	0.017715	0.049981	0.010414	0.0098088	0.15133	0.12877	1.6936e-07	-6801.5	1892.9	-4908.6	0	0	0	1895.8	-3012.8	-17089	0	0	0	-753.66	16336	1.3205	1.3161	1.3203	
1.1694	1.2582	0.57669	0.57669	0.0524	5.2762	5.1126	5.1102	-10.985	1.0833	2.0511e+05	0	0	0	0.027834	0.0010898	0.0030201	0.0046548	0.017949	0.0052189	0.0058254	0.013654	0.030131	0.0050635	0.0057126	0.013308	0.031116	28.01	69.32	20.707	46.989	18.51	42.072	0.0083333	9.5494e+07	0.021925	0.47505	0.47505	2.4307	0.020562	0.009671	0.0084741	0.001823	0.0022321	0.070582	0.15699	0.13643	0.015871	0.054711	0.0085267	0.0084188	0.14846	0.12801	1.2338e-07	-5852.4	1678	-4174.4	0	0	0	1702.1	-2472.3	-18115	0	0	0	-1372.8	16742	1.3159	1.3115	1.3156	
1.2002	1.1802	0.54504	0.54504	0.045065	4.8411	4.6983	4.6963	-11.227	1.0764	1.7697e+05	0	0	0	0.018384	0.00097909	0.0026719	0.0041405	0.015837	0.0047216	0.0053071	0.012389	0.027902	0.0045377	0.0050658	0.011872	0.028303	23.192	57.495	18.238	41.896	16.204	37.075	0.0093386	8.5213e+07	0.023374	0.50643	0.50643	2.0973	0.022825	0.01066	0.0093366	0.0017454	0.0021372	0.074221	0.15244	0.13428	0.014294	0.059927	0.0069959	0.0071675	0.14544	0.12711	8.895e-08	-4938.1	1496.6	-3441.5	0	0	0	1516.6	-1924.8	-18996	0	0	0	-1881.2	17114	1.3108	1.3063	1.3103	
1.231	1.1004	0.5119	0.5119	0.038293	4.416	4.2915	4.2896	-11.162	1.0696	1.5087e+05	0	0	0	0.011615	0.00088495	0.0023877	0.0037151	0.014154	0.0042687	0.0047116	0.011115	0.02513	0.0041068	0.0044362	0.010596	0.025161	18.553	46.151	16.132	37.301	14.339	32.811	0.01055	7.5426e+07	0.025069	0.54317	0.54317	1.7879	0.025482	0.011823	0.010352	0.0016659	0.0020399	0.078541	0.1481	0.13211	0.012904	0.065638	0.0057397	0.0059898	0.14236	0.12612	6.4835e-08	-4014.8	1354	-2660.8	0	0	0	1339.8	-1321	-19718	0	0	0	-2265.2	17453	1.3052	1.3008	1.3047	
1.2617	1.0191	0.47743	0.47743	0.032105	4.0008	3.8917	3.8899	-10.89	1.063	1.2685e+05	0	0	0	0.006965	0.0008016	0.0021438	0.0033462	0.012738	0.0038497	0.0040973	0.0098717	0.022158	0.0037316	0.0038487	0.0094461	0.022033	14.316	35.789	14.219	33.064	12.71	29.042	0.012033	6.6135e+07	0.02707	0.58651	0.58651	1.5032	0.028648	0.013216	0.011568	0.0015845	0.0019401	0.083597	0.14399	0.12996	0.011643	0.071954	0.0046871	0.0049271	0.1393	0.12504	4.4439e-08	-3149	1231.9	-1917.1	0	0	0	1172	-745.09	-20272	0	0	0	-2515	17757	1.2995	1.2951	1.2989	
1.2925	0.93679	0.44189	0.44189	0.026501	3.5951	3.4991	3.4974	-10.473	1.0566	1.0498e+05	0	0	0	0.0039267	0.00072536	0.0019242	0.0030122	0.01148	0.003459	0.003506	0.0086945	0.019259	0.0033892	0.0033111	0.0083948	0.019109	10.622	26.669	12.399	29.091	11.191	25.594	0.013877	5.7343e+07	0.029448	0.63803	0.63803	1.2441	0.032498	0.014918	0.013054	0.0015007	0.0018376	0.089369	0.1401	0.12783	0.01047	0.078899	0.0037907	0.0039978	0.13631	0.12383	2.4528e-08	-2380.5	1118.7	-1261.8	0	0	0	1013.4	-248.43	-20666	0	0	0	-2637.6	18028	1.2938	1.2895	1.2932	
1.3233	0.85416	0.40561	0.40561	0.021469	3.1983	3.1134	3.1119	-9.938	1.0503	85296	0	0	0	0.0020542	0.00065226	0.0017122	0.0026906	0.010273	0.0030848	0.0029394	0.0075666	0.01649	0.0030661	0.0028111	0.0074104	0.016386	7.4804	18.782	10.615	25.303	9.7183	22.352	0.016222	4.9056e+07	0.032296	0.69975	0.69975	1.0108	0.037304	0.017055	0.014918	0.0014141	0.0017315	0.095831	0.13645	0.12573	0.0093297	0.086501	0.0030111	0.0031916	0.13344	0.12253	3.0767e-09	-1718.8	1008.4	-710.4	0	0	0	864.36	153.97	-20915	0	0	0	-2649	18266	1.288	1.2839	1.2875	
1.354	0.77194	0.36898	0.36898	0.016989	2.8096	2.7344	2.7331	-9.3127	1.044	67815	0	0	0	0.00097921	0.00057962	0.0014972	0.0023666	0.0090466	0.0027316	0.0024091	0.0065066	0.013912	0.0027535	0.0023383	0.0064686	0.013851	4.8951	12.297	8.8191	21.586	8.238	19.213	0.01928	4.1275e+07	0.035736	0.77428	0.77428	0.80366	0.043518	0.01983	0.01734	0.0013239	0.0016211	0.10288	0.13305	0.12368	0.0081903	0.094693	0.0023282	0.0024997	0.13072	0.12118	-2.0114e-08	-1173.1	894.68	-278.46	0	0	0	724.93	446.47	-21043	0	0	0	-2570.8	18472	1.2824	1.2784	1.282	
1.3848	0.69107	0.3325	0.3325	0.013037	2.428	2.3617	2.3605	-8.6313	1.0377	52533	0	0	0	0.00041425	0.00050573	0.0012697	0.0020283	0.0077346	0.0023963	0.0019181	0.0055126	0.01155	0.002447	0.0018834	0.0055538	0.01147	2.8683	7.2214	6.9861	17.835	6.7134	16.08	0.023402	3.4005e+07	0.039918	0.86488	0.86488	0.62256	0.051939	0.023604	0.020632	0.0012293	0.0015052	0.11032	0.12988	0.1217	0.0070293	0.10329	0.0017299	0.0019118	0.12815	0.11979	-4.3441e-08	-743.79	771.71	27.918	0	0	0	595.21	623.13	-21075	0	0	0	-2429	18646	1.2771	1.2732	1.2766	
1.4156	0.61267	0.29675	0.29675	0.0095836	2.0525	1.9946	1.9937	-7.95	1.0313	39416	0	0	0	0.00014936	0.00042996	0.0010254	0.0016703	0.0062977	0.0020816	0.0014671	0.0045896	0.0093778	0.0021463	0.0014416	0.004661	0.009209	1.396	3.5766	5.128	13.959	5.1297	12.851	0.029208	2.7245e+07	0.045026	0.97555	0.97555	0.46711	0.064097	0.029065	0.025396	0.0011288	0.0013821	0.11776	0.12694	0.1198	0.005844	0.11192	0.0012138	0.0014185	0.12573	0.11838	-6.4869e-08	-427.31	634.57	207.27	0	0	0	475.22	682.49	-21043	0	0	0	-2252.4	18791	1.272	1.2682	1.2716	
1.4464	0.53809	0.26245	0.26245	0.0065957	1.6819	1.6326	1.6319	-7.2972	1.0245	28399	0	0	0	4.2933e-05	0.00035591	0.00077201	0.0013059	0.0047616	0.0017955	0.001056	0.0037493	0.0073536	0.0018641	0.001028	0.0038242	0.0071082	0.41847	1.2418	3.3181	9.9907	3.5208	9.5048	0.037857	2.1021e+07	0.051267	1.1108	1.1108	0.33655	0.083222	0.037665	0.032896	0.0010204	0.0012495	0.1245	0.12423	0.11799	0.0046786	0.11982	0.00078769	0.0010121	0.12344	0.11698	-7.8306e-08	-208.71	484.95	276.24	0	0	0	365.33	641.57	-20977	0	0	0	-2069.8	18907	1.2672	1.2636	1.2669	
1.4771	0.46883	0.23038	0.23038	0.0040331	1.3151	1.2748	1.2743	-6.7377	1.0172	19370	0	0	0	8.7011e-06	0.00028598	0.00052506	0.00095404	0.0032177	0.0015439	0.00067444	0.0029903	0.0053961	0.0016148	0.00065439	0.0030766	0.0051894	-0.11666	-0.002694	1.727	6.099	1.9983	6.1091	0.051822	1.5356e+07	0.058841	1.2749	1.2749	0.22955	0.11736	0.053007	0.046273	0.00090113	0.0011034	0.12914	0.12174	0.11629	0.0035899	0.12555	0.00045888	0.00069046	0.12128	0.11559	-8.7066e-08	-70.458	328.45	257.99	0	0	0	265.91	523.91	-20901	0	0	0	-1905.9	18995	1.2628	1.2594	1.2625	
1.5079	0.40676	0.20153	0.20153	0.0018501	0.95079	0.92062	0.92045	-6.4994	1.0091	12168	0	0	0	9.5576e-07	0.00022088	0.00031808	0.0006494	0.001873	0.0013362	0.00031576	0.0023201	0.0034844	0.0014163	0.00033413	0.0024585	0.003516	-0.29362	-0.46827	0.54448	2.7269	0.772	2.9726	0.077208	1.0307e+07	0.067819	1.4694	1.4694	0.1442	0.19174	0.086355	0.075323	0.00076533	0.00093725	0.12924	0.11948	0.11478	0.0027156	0.12653	0.00023574	0.0004586	0.11925	0.11432	-1.3901e-07	9.2031	179.55	188.76	0	0	0	177.83	366.58	-20837	0	0	0	-1778.2	19059	1.2589	1.2556	1.2586	
1.5387	0.354	0.177	0.177	1.4014e-06	0.58807	0.56905	0.56901	-113.86	1	6562.7	0	0	0	2.7066e-08	5.5772e-05	1.3113e-05	9.6771e-05	0.00020418	0.0014007	0.00039341	0.0024945	0.0037186	0.001567	0.00052929	0.0028798	0.0046377	0.36815	0.70343	0.34529	3.3336	-1.0142	0.99651	0.13371	5.9517e+06	0.077927	1.6884	1.6884	0.077774	0.42484	0.19045	0.166	0.00060142	0.00073656	0.12211	0.11553	0.11148	0.00029946	0.12181	4.3081e-05	-6.6862e-05	0.11549	0.11155	-4.2481e-06	-1026.5	1383.1	356.54	0	0	0	177.83	534.36	-20757	0	0	0	-1646	19111	1.2554	1.2522	1.2551	
