% N=  98
%           r           Er
   3.0774E-02  -7.6671E-02
   3.0774E-02   8.3796E-02
   3.0774E-02   1.7440E+00
   6.1548E-02  -1.5531E-01
   6.1548E-02   1.6996E-01
   6.1548E-02   3.4826E+00
   9.2321E-02  -2.3734E-01
   9.2321E-02   2.6038E-01
   9.2321E-02   5.1978E+00
   1.2310E-01  -3.2423E-01
   1.2310E-01   3.5709E-01
   1.2310E-01   6.8810E+00
   1.5387E-01  -4.1761E-01
   1.5387E-01   4.6189E-01
   1.5387E-01   8.5254E+00
   1.8464E-01  -5.1835E-01
   1.8464E-01   5.7642E-01
   1.8464E-01   1.0113E+01
   2.1542E-01  -6.2662E-01
   2.1542E-01   7.0106E-01
   2.1542E-01   1.1636E+01
   2.4619E-01  -7.4288E-01
   2.4619E-01   8.3716E-01
   2.4619E-01   1.3084E+01
   2.7696E-01  -8.6739E-01
   2.7696E-01   9.8524E-01
   2.7696E-01   1.4451E+01
   3.0774E-01  -9.9763E-01
   3.0774E-01   1.1429E+00
   3.0774E-01   1.5722E+01
   3.3851E-01  -1.1176E+00
   3.3851E-01   1.2891E+00
   3.3851E-01   1.6918E+01
   3.6929E-01  -1.2255E+00
   3.6929E-01   1.4208E+00
   3.6929E-01   1.8039E+01
   4.0006E-01  -1.3293E+00
   4.0006E-01   1.5489E+00
   4.0006E-01   1.9066E+01
   4.3083E-01  -1.4311E+00
   4.3083E-01   1.6762E+00
   4.3083E-01   1.9991E+01
   4.6161E-01  -1.5337E+00
   4.6161E-01   1.8067E+00
   4.6161E-01   2.0758E+01
   4.9238E-01  -1.6404E+00
   4.9238E-01   1.9468E+00
   4.9238E-01   2.1414E+01
   5.2315E-01  -1.7577E+00
   5.2315E-01   2.1047E+00
   5.2315E-01   2.1908E+01
   5.5393E-01  -1.8914E+00
   5.5393E-01   2.2930E+00
   5.5393E-01   2.2185E+01
   5.8470E-01  -2.1074E+00
   5.8470E-01   2.6217E+00
   5.8470E-01   2.2007E+01
   6.1548E-01  -2.3828E+00
   6.1548E-01   3.0850E+00
   6.1548E-01   2.1105E+01
   6.4625E-01  -2.6496E+00
   6.4625E-01   3.7720E+00
   6.4625E-01   1.7641E+01
   6.7702E-01  -2.7194E+00
   6.7702E-01   4.5232E+00
   6.7702E-01   1.3095E+01
   7.0780E-01  -2.8345E+00
   7.0780E-01   5.1696E+00
   7.0780E-01   1.1532E+01
   7.3857E-01  -3.1754E+00
   7.3857E-01   6.2514E+00
   7.3857E-01   1.0748E+01
   7.6934E-01  -3.5163E+00
   8.0012E-01  -3.8860E+00
   8.3089E-01  -4.2859E+00
   8.6167E-01  -4.7139E+00
   8.9244E-01  -5.1653E+00
   9.2321E-01  -5.6420E+00
   9.5399E-01  -6.1414E+00
   9.8476E-01  -6.6714E+00
   1.0155E+00  -7.2571E+00
   1.0463E+00  -7.9600E+00
   1.0771E+00  -8.7869E+00
   1.1079E+00  -9.6477E+00
   1.1386E+00  -1.0377E+01
   1.1694E+00  -1.0869E+01
   1.2002E+00  -1.1113E+01
   1.2310E+00  -1.1027E+01
   1.2617E+00  -1.0722E+01
   1.2925E+00  -1.0270E+01
   1.3233E+00  -9.7042E+00
   1.3540E+00  -9.0458E+00
   1.3848E+00  -8.3075E+00
   1.4156E+00  -7.5128E+00
   1.4464E+00  -6.7010E+00
   1.4771E+00  -5.8445E+00
   1.5079E+00  -4.8420E+00
   1.5387E+00  -3.5407E+00
