% N=  98
%           r           Er
   3.0774E-02  -8.2664E-02
   3.0774E-02   9.0920E-02
   3.0774E-02   1.7354E+00
   6.1548E-02  -1.6742E-01
   6.1548E-02   1.8454E-01
   6.1548E-02   3.4618E+00
   9.2321E-02  -2.5585E-01
   9.2321E-02   2.8271E-01
   9.2321E-02   5.1690E+00
   1.2310E-01  -3.4950E-01
   1.2310E-01   3.8772E-01
   1.2310E-01   6.8379E+00
   1.5387E-01  -4.4991E-01
   1.5387E-01   5.0144E-01
   1.5387E-01   8.4641E+00
   1.8464E-01  -5.5804E-01
   1.8464E-01   6.2555E-01
   1.8464E-01   1.0037E+01
   2.1542E-01  -6.7389E-01
   2.1542E-01   7.6045E-01
   2.1542E-01   1.1542E+01
   2.4619E-01  -7.9814E-01
   2.4619E-01   9.0747E-01
   2.4619E-01   1.2970E+01
   2.7696E-01  -9.3078E-01
   2.7696E-01   1.0671E+00
   2.7696E-01   1.4315E+01
   3.0774E-01  -1.0693E+00
   3.0774E-01   1.2371E+00
   3.0774E-01   1.5561E+01
   3.3851E-01  -1.1966E+00
   3.3851E-01   1.3942E+00
   3.3851E-01   1.6737E+01
   3.6929E-01  -1.3106E+00
   3.6929E-01   1.5354E+00
   3.6929E-01   1.7841E+01
   4.0006E-01  -1.4198E+00
   4.0006E-01   1.6725E+00
   4.0006E-01   1.8858E+01
   4.3083E-01  -1.5262E+00
   4.3083E-01   1.8075E+00
   4.3083E-01   1.9740E+01
   4.6161E-01  -1.6334E+00
   4.6161E-01   1.9457E+00
   4.6161E-01   2.0522E+01
   4.9238E-01  -1.7446E+00
   4.9238E-01   2.0946E+00
   4.9238E-01   2.1162E+01
   5.2315E-01  -1.8669E+00
   5.2315E-01   2.2603E+00
   5.2315E-01   2.1638E+01
   5.5393E-01  -2.0062E+00
   5.5393E-01   2.4637E+00
   5.5393E-01   2.1890E+01
   5.8470E-01  -2.2315E+00
   5.8470E-01   2.8134E+00
   5.8470E-01   2.1661E+01
   6.1548E-01  -2.5170E+00
   6.1548E-01   3.3109E+00
   6.1548E-01   2.0674E+01
   6.4625E-01  -2.7562E+00
   6.4625E-01   4.0094E+00
   6.4625E-01   1.7088E+01
   6.7702E-01  -2.7940E+00
   6.7702E-01   4.8140E+00
   6.7702E-01   1.2512E+01
   7.0780E-01  -2.9359E+00
   7.0780E-01   5.6261E+00
   7.0780E-01   1.1022E+01
   7.3857E-01  -3.2902E+00
   7.3857E-01   7.1399E+00
   7.3857E-01   9.6371E+00
   7.6934E-01  -3.6417E+00
   8.0012E-01  -4.0215E+00
   8.3089E-01  -4.4300E+00
   8.6167E-01  -4.8657E+00
   8.9244E-01  -5.3248E+00
   9.2321E-01  -5.8064E+00
   9.5399E-01  -6.3089E+00
   9.8476E-01  -6.8400E+00
   1.0155E+00  -7.4292E+00
   1.0463E+00  -8.1291E+00
   1.0771E+00  -8.9419E+00
   1.1079E+00  -9.7740E+00
   1.1386E+00  -1.0471E+01
   1.1694E+00  -1.0937E+01
   1.2002E+00  -1.1163E+01
   1.2310E+00  -1.1061E+01
   1.2617E+00  -1.0743E+01
   1.2925E+00  -1.0276E+01
   1.3233E+00  -9.6967E+00
   1.3540E+00  -9.0256E+00
   1.3848E+00  -8.2809E+00
   1.4156E+00  -7.4851E+00
   1.4464E+00  -6.6797E+00
   1.4771E+00  -5.8370E+00
   1.5079E+00  -4.8505E+00
   1.5387E+00  -3.5614E+00
