% N=  92
%           r           Er
   4.0714E-02  -9.4592E-02
   8.1427E-02  -1.8058E-01
   1.2214E-01  -2.4729E-01
   1.6285E-01  -3.7632E-01
   1.6285E-01   7.6016E-01
   1.6285E-01   1.0928E+00
   2.0357E-01  -5.2306E-01
   2.0357E-01   9.6888E-01
   2.0357E-01   1.6324E+00
   2.4428E-01  -6.2805E-01
   2.4428E-01   1.0088E+00
   2.4428E-01   2.4126E+00
   2.8500E-01  -7.3065E-01
   2.8500E-01   1.0932E+00
   2.8500E-01   3.2097E+00
   3.2571E-01  -8.3097E-01
   3.2571E-01   1.1860E+00
   3.2571E-01   4.0733E+00
   3.6642E-01  -9.3345E-01
   3.6642E-01   1.2920E+00
   3.6642E-01   4.8781E+00
   4.0714E-01  -1.0346E+00
   4.0714E-01   1.3981E+00
   4.0714E-01   5.7912E+00
   4.4785E-01  -1.1298E+00
   4.4785E-01   1.4958E+00
   4.4785E-01   6.7803E+00
   4.8856E-01  -1.2256E+00
   4.8856E-01   1.5996E+00
   4.8856E-01   7.7839E+00
   5.2928E-01  -1.3201E+00
   5.2928E-01   1.7045E+00
   5.2928E-01   8.8193E+00
   5.6999E-01  -1.4144E+00
   5.6999E-01   1.8120E+00
   5.6999E-01   9.8438E+00
   6.1070E-01  -1.5097E+00
   6.1070E-01   1.9235E+00
   6.1070E-01   1.0839E+01
   6.5142E-01  -1.6064E+00
   6.5142E-01   2.0402E+00
   6.5142E-01   1.1813E+01
   6.9213E-01  -1.7100E+00
   6.9213E-01   2.1751E+00
   6.9213E-01   1.2668E+01
   7.3284E-01  -1.8205E+00
   7.3284E-01   2.3217E+00
   7.3284E-01   1.3460E+01
   7.7356E-01  -1.9612E+00
   7.7356E-01   2.5208E+00
   7.7356E-01   1.4157E+01
   8.1427E-01  -2.1154E+00
   8.1427E-01   2.7534E+00
   8.1427E-01   1.4717E+01
   8.5499E-01  -2.2872E+00
   8.5499E-01   3.0407E+00
   8.5499E-01   1.5011E+01
   8.9570E-01  -2.4781E+00
   8.9570E-01   3.4351E+00
   8.9570E-01   1.4616E+01
   9.3641E-01  -2.5871E+00
   9.3641E-01   3.8716E+00
   9.3641E-01   1.2722E+01
   9.7713E-01  -2.7140E+00
   9.7713E-01   4.6566E+00
   9.7713E-01   8.7573E+00
   1.0178E+00  -2.9692E+00
   1.0586E+00  -3.1874E+00
   1.0993E+00  -3.3947E+00
   1.1400E+00  -3.6174E+00
   1.1807E+00  -3.8618E+00
   1.2214E+00  -4.1346E+00
   1.2621E+00  -4.4395E+00
   1.3028E+00  -4.7840E+00
   1.3435E+00  -5.2268E+00
   1.3843E+00  -5.7422E+00
   1.4250E+00  -6.3219E+00
   1.4657E+00  -6.9649E+00
   1.5064E+00  -7.6654E+00
   1.5471E+00  -8.4109E+00
   1.5878E+00  -9.1820E+00
   1.6285E+00  -9.9331E+00
   1.6693E+00  -1.0660E+01
   1.7100E+00  -1.1344E+01
   1.7507E+00  -1.1955E+01
   1.7914E+00  -1.2454E+01
   1.8321E+00  -1.2793E+01
   1.8728E+00  -1.2914E+01
   1.9135E+00  -1.2698E+01
   1.9543E+00  -1.1929E+01
   1.9950E+00  -1.0157E+01
   2.0357E+00  -6.2891E+00
