% N=  51
%           r   D11e,m^2/s         D12e         D21e         D22e         D31e         D32e         D11D         D12D         D21D         D22D         D31D         D32D         D11T         D12T         D21T         D22T         D31T         D32T        D11He        D12He        D21He        D22He        D31He        D32He
   0.0000E+00   2.6617E-02   8.9203E-02   1.2913E-01   5.6093E-01   7.5166E+02   2.1580E+03   8.0446E-02   1.3242E-01   2.5309E-01   7.7390E-01   9.4638E+02   2.6181E+03   7.6537E-02   1.3225E-01   2.4706E-01   7.7828E-01   1.0184E+03   2.7409E+03   2.8481E-02   4.2079E-02   8.4801E-02   2.0710E-01   1.1797E+02   3.9193E+02
   4.0714E-02   2.6626E-02   8.9233E-02   1.2917E-01   5.6105E-01   7.5914E+02   2.1672E+03   8.0130E-02   1.2828E-01   2.4847E-01   7.1507E-01   9.4886E+02   2.6158E+03   7.6199E-02   1.2814E-01   2.4243E-01   7.2026E-01   1.0211E+03   2.7377E+03   2.8496E-02   4.2090E-02   8.4835E-02   2.0712E-01   1.1899E+02   3.9455E+02
   8.1427E-02   2.6685E-02   8.9585E-02   1.2961E-01   5.6388E-01   7.8845E+02   2.2145E+03   8.4646E-02   1.3311E-01   2.6008E-01   7.2622E-01   9.5067E+02   2.5861E+03   7.9948E-02   1.3143E-01   2.5135E-01   7.2200E-01   1.0272E+03   2.7225E+03   3.0199E-02   4.4894E-02   9.0192E-02   2.1997E-01   1.2017E+02   4.0047E+02
   1.2214E-01   2.6794E-02   9.0354E-02   1.3055E-01   5.7055E-01   8.3338E+02   2.2941E+03   1.0007E-01   1.5610E-01   3.0620E-01   8.5208E-01   9.4038E+02   2.5016E+03   9.2959E-02   1.4882E-01   2.8826E-01   8.1036E-01   1.0259E+03   2.6756E+03   3.5494E-02   5.4195E-02   1.0744E-01   2.6294E-01   1.1693E+02   4.0215E+02
   1.6285E-01   2.3957E-02   7.5101E-02   1.1104E-01   4.5413E-01   7.4026E+02   1.6630E+03   3.4562E-02   6.1805E-02   1.1365E-01   3.5674E-01   9.8057E+02   2.3516E+03   3.5831E-02   6.6256E-02   1.2000E-01   3.8598E-01   9.9450E+02   2.3074E+03   1.1909E-02   1.6115E-02   3.3978E-02   8.5559E-02   1.6454E+02   4.5570E+02
   2.0357E-01   2.1461E-02   6.2740E-02   9.4932E-02   3.6308E-01   7.0288E+02   1.4385E+03   2.4815E-02   4.4331E-02   8.1554E-02   2.5852E-01   9.4472E+02   2.1351E+03   2.6328E-02   4.7411E-02   8.6903E-02   2.7887E-01   9.4385E+02   2.0705E+03   8.6575E-03   1.1357E-02   2.4343E-02   6.1541E-02   1.7584E+02   4.5827E+02
   2.4428E-01   1.9803E-02   5.5663E-02   8.5369E-02   3.1428E-01   6.7906E+02   1.2150E+03   2.0984E-02   3.6389E-02   6.7865E-02   2.1237E-01   9.3518E+02   2.0145E+03   2.2343E-02   3.8641E-02   7.2156E-02   2.2750E-01   9.2853E+02   1.9419E+03   7.5724E-03   9.5751E-03   2.0934E-02   5.2152E-02   1.8676E+02   4.6876E+02
   2.8500E-01   1.8559E-02   5.0779E-02   7.8618E-02   2.8228E-01   6.7704E+02   1.0975E+03   1.8569E-02   3.1084E-02   5.8937E-02   1.8085E-01   9.3618E+02   1.9281E+03   1.9775E-02   3.2772E-02   6.2435E-02   1.9231E-01   9.2647E+02   1.8524E+03   6.9471E-03   8.4580E-03   1.8879E-02   4.6181E-02   1.9797E+02   4.8276E+02
   3.2571E-01   1.7509E-02   4.6866E-02   7.3129E-02   2.5743E-01   6.8407E+02   1.0250E+03   1.6689E-02   2.6880E-02   5.1913E-02   1.5563E-01   9.3901E+02   1.8531E+03   1.7751E-02   2.8120E-02   5.4746E-02   1.6410E-01   9.2734E+02   1.7766E+03   6.4770E-03   7.5817E-03   1.7297E-02   4.1490E-02   2.0862E+02   4.9649E+02
   3.6642E-01   1.6416E-02   4.3438E-02   6.8062E-02   2.3785E-01   7.0508E+02   1.0017E+03   1.5294E-02   2.4033E-02   4.6973E-02   1.4111E-01   9.4374E+02   1.7913E+03   1.6202E-02   2.4582E-02   4.8886E-02   1.4243E-01   9.3059E+02   1.7140E+03   6.1262E-03   6.9106E-03   1.6100E-02   3.7907E-02   2.1851E+02   5.0977E+02
   4.0714E-01   1.5452E-02   4.0263E-02   6.3441E-02   2.1935E-01   7.2811E+02   9.9299E+02   1.3981E-02   2.1098E-02   4.2069E-02   1.2301E-01   9.4268E+02   1.7262E+03   1.4817E-02   2.1793E-02   4.4018E-02   1.2812E-01   9.2823E+02   1.6486E+03   5.7964E-03   6.2852E-03   1.4980E-02   3.4593E-02   2.2629E+02   5.1866E+02
   4.4785E-01   1.4525E-02   3.7228E-02   5.9016E-02   2.0130E-01   7.3368E+02   9.6809E+02   1.2700E-02   1.8327E-02   3.7376E-02   1.0608E-01   9.2196E+02   1.6376E+03   1.3458E-02   1.8834E-02   3.9021E-02   1.0970E-01   9.0671E+02   1.5617E+03   5.4613E-03   5.6652E-03   1.3857E-02   3.1334E-02   2.2854E+02   5.1449E+02
   4.8856E-01   1.3624E-02   3.4420E-02   5.4856E-02   1.8500E-01   7.1414E+02   8.9281E+02   1.1607E-02   1.6042E-02   3.3453E-02   9.2117E-02   8.8817E+02   1.5374E+03   1.2307E-02   1.6445E-02   3.4905E-02   9.4849E-02   8.7277E+02   1.4646E+03   5.1624E-03   5.1274E-03   1.2871E-02   2.8537E-02   2.2656E+02   5.0111E+02
   5.2928E-01   1.2773E-02   3.1921E-02   5.1080E-02   1.7103E-01   6.9678E+02   8.4196E+02   1.0648E-02   1.4114E-02   3.0085E-02   8.0378E-02   8.4907E+02   1.4352E+03   1.1293E-02   1.4441E-02   3.1381E-02   8.2517E-02   8.3392E+02   1.3660E+03   4.8874E-03   4.6461E-03   1.1977E-02   2.6062E-02   2.2236E+02   4.8362E+02
   5.6999E-01   1.1959E-02   2.9638E-02   4.7577E-02   1.5819E-01   6.7152E+02   7.7354E+02   9.8044E-03   1.2496E-02   2.7202E-02   7.0622E-02   8.0597E+02   1.3328E+03   1.0398E-02   1.2757E-02   2.8354E-02   7.2311E-02   7.9169E+02   1.2678E+03   4.6337E-03   4.2151E-03   1.1166E-02   2.3863E-02   2.1630E+02   4.6308E+02
   6.1070E-01   1.1179E-02   2.7533E-02   4.4302E-02   1.4647E-01   6.4647E+02   7.1598E+02   9.0641E-03   1.1150E-02   2.4747E-02   6.2611E-02   7.6039E+02   1.2320E+03   9.6051E-03   1.1337E-02   2.5744E-02   6.3866E-02   7.4749E+02   1.1716E+03   4.3998E-03   3.8295E-03   1.0429E-02   2.1906E-02   2.0877E+02   4.4047E+02
   6.5142E-01   1.0433E-02   2.5614E-02   4.1263E-02   1.3605E-01   6.2080E+02   6.6504E+02   8.4053E-03   1.0013E-02   2.2621E-02   5.5958E-02   7.1338E+02   1.1341E+03   8.9045E-03   1.0144E-02   2.3500E-02   5.6883E-02   7.0176E+02   1.0780E+03   4.1833E-03   3.4830E-03   9.7579E-03   2.0152E-02   2.0006E+02   4.1654E+02
   6.9213E-01   9.7280E-03   2.3850E-02   3.8442E-02   1.2646E-01   5.9616E+02   6.2385E+02   7.8344E-03   9.1160E-03   2.0868E-02   5.1227E-02   6.6654E+02   1.0413E+03   8.2975E-03   9.1985E-03   2.1645E-02   5.1856E-02   6.5618E+02   9.8900E+02   3.9865E-03   3.1795E-03   9.1593E-03   1.8617E-02   1.9055E+02   3.9228E+02
   7.3284E-01   9.0508E-03   2.2195E-02   3.5771E-02   1.1751E-01   5.7127E+02   5.8803E+02   7.3216E-03   8.3114E-03   1.9294E-02   4.6616E-02   6.2003E+02   9.5284E+02   7.7512E-03   8.3394E-03   1.9966E-02   4.6862E-02   6.1095E+02   9.0421E+02   3.8042E-03   2.9077E-03   8.6139E-03   1.7240E-02   1.8040E+02   3.6790E+02
   7.7356E-01   8.3966E-03   2.0732E-02   3.3327E-02   1.0999E-01   5.4335E+02   5.5299E+02   6.8609E-03   7.6466E-03   1.7938E-02   4.3118E-02   5.7972E+02   8.8452E+02   7.2640E-03   7.5668E-03   1.8463E-02   4.2542E-02   5.7158E+02   8.3794E+02   3.6391E-03   2.6600E-03   8.1186E-03   1.5973E-02   1.6993E+02   3.4571E+02
   8.1427E-01   7.8042E-03   1.9465E-02   3.1172E-02   1.0354E-01   5.1778E+02   5.2708E+02   6.4808E-03   7.1506E-03   1.6872E-02   4.0589E-02   5.4086E+02   8.2159E+02   6.8547E-03   6.9688E-03   1.7251E-02   3.9241E-02   5.3360E+02   7.7687E+02   3.4926E-03   2.4547E-03   7.6936E-03   1.4923E-02   1.5917E+02   3.2385E+02
   8.5499E-01   7.3444E-03   1.8661E-02   2.9677E-02   9.9922E-02   4.9895E+02   5.2067E+02   6.2532E-03   7.0178E-03   1.6398E-02   4.0197E-02   5.0546E+02   7.6838E+02   6.5739E-03   6.6835E-03   1.6544E-02   3.7887E-02   4.9900E+02   7.2498E+02   3.3778E-03   2.3190E-03   7.3857E-03   1.4249E-02   1.4839E+02   3.0321E+02
   8.9570E-01   7.1957E-03   1.9056E-02   2.9850E-02   1.0400E-01   4.9682E+02   5.5696E+02   6.5080E-03   8.0316E-03   1.7794E-02   4.5754E-02   4.7840E+02   7.3670E+02   6.6542E-03   7.3281E-03   1.7309E-02   4.1904E-02   4.7309E+02   6.9413E+02   3.3568E-03   2.3819E-03   7.4170E-03   1.4729E-02   1.3817E+02   2.8654E+02
   9.3641E-01   8.1376E-03   2.3975E-02   3.6181E-02   1.3788E-01   5.2302E+02   6.7902E+02   9.5150E-03   1.3027E-02   2.7300E-02   6.8288E-02   4.6554E+02   7.4762E+02   9.4507E-03   1.3608E-02   2.7784E-02   7.3073E-02   4.7219E+02   7.2584E+02   4.1418E-03   4.0554E-03   1.0268E-02   2.3456E-02   1.2618E+02   2.7767E+02
   9.7713E-01   8.8411E-03   2.9292E-02   4.2554E-02   1.8296E-01   4.9519E+02   6.5633E+02   2.9755E-02   4.0875E-02   8.5507E-02   2.0755E-01   3.5582E+02   7.3644E+02   2.7515E-02   3.7727E-02   7.8999E-02   1.9633E-01   4.0653E+02   7.5359E+02   1.1557E-02   1.5825E-02   3.3160E-02   7.8403E-02   5.2703E+01   2.0631E+02
   1.0178E+00   7.8610E-03   2.5972E-02   3.7764E-02   1.6184E-01   4.4825E+02   5.6928E+02   2.3833E-02   3.2087E-02   6.7836E-02   1.6507E-01   3.4406E+02   6.8673E+02   2.2267E-02   2.9889E-02   6.3289E-02   1.5728E-01   3.8627E+02   6.9629E+02   9.6049E-03   1.2249E-02   2.6656E-02   6.1349E-02   5.6731E+01   2.0190E+02
   1.0586E+00   7.0841E-03   2.3339E-02   3.3966E-02   1.4527E-01   4.0516E+02   4.9478E+02   2.1323E-02   2.8496E-02   6.0481E-02   1.4690E-01   3.1745E+02   6.3164E+02   2.0022E-02   2.6592E-02   5.6625E-02   1.4005E-01   3.5566E+02   6.3937E+02   8.7698E-03   1.0949E-02   2.4104E-02   5.4891E-02   5.2240E+01   1.8732E+02
   1.0993E+00   6.3613E-03   2.0893E-02   3.0435E-02   1.2990E-01   3.6491E+02   4.2850E+02   1.9191E-02   2.5509E-02   5.4295E-02   1.3165E-01   2.9022E+02   5.7804E+02   1.8114E-02   2.3847E-02   5.1018E-02   1.2558E-01   3.2516E+02   5.8426E+02   7.9824E-03   9.7939E-03   2.1768E-02   4.9299E-02   4.7052E+01   1.7211E+02
   1.1400E+00   5.6852E-03   1.8605E-02   2.7133E-02   1.1553E-01   3.2812E+02   3.7078E+02   1.7245E-02   2.2745E-02   4.8613E-02   1.1751E-01   2.6377E+02   5.2652E+02   1.6313E-02   2.1309E-02   4.5778E-02   1.1219E-01   2.9565E+02   5.3134E+02   7.2328E-03   8.7191E-03   1.9568E-02   4.4098E-02   4.1967E+01   1.5725E+02
   1.1807E+00   5.0525E-03   1.6466E-02   2.4045E-02   1.0211E-01   2.9478E+02   3.2125E+02   1.5384E-02   2.0179E-02   4.3255E-02   1.0445E-01   2.3830E+02   4.7718E+02   1.4609E-02   1.8957E-02   4.0870E-02   9.9836E-02   2.6728E+02   4.8065E+02   6.5202E-03   7.7144E-03   1.7495E-02   3.9237E-02   3.7029E+01   1.4287E+02
   1.2214E+00   4.4617E-03   1.4474E-02   2.1166E-02   8.9627E-02   2.6510E+02   2.7979E+02   1.3661E-02   1.7784E-02   3.8275E-02   9.2272E-02   2.1394E+02   4.3042E+02   1.3007E-02   1.6783E-02   3.6293E-02   8.8447E-02   2.3970E+02   4.3155E+02   5.8583E-03   6.7726E-03   1.5560E-02   3.4691E-02   3.2306E+01   1.2901E+02
   1.2621E+00   3.9118E-03   1.2626E-02   1.8494E-02   7.8069E-02   2.3918E+02   2.4612E+02   1.2051E-02   1.5582E-02   3.3658E-02   8.1046E-02   1.9089E+02   3.8617E+02   1.1515E-02   1.4773E-02   3.2046E-02   7.7973E-02   2.1382E+02   3.8590E+02   5.2283E-03   5.8950E-03   1.3737E-02   3.0481E-02   2.7818E+01   1.1568E+02
   1.3028E+00   3.4025E-03   1.0924E-02   1.6027E-02   6.7441E-02   2.1673E+02   2.1915E+02   1.0561E-02   1.3556E-02   2.9398E-02   7.0724E-02   1.6878E+02   3.4350E+02   1.0134E-02   1.2906E-02   2.8106E-02   6.8336E-02   1.8952E+02   3.4381E+02   4.6446E-03   5.0739E-03   1.2041E-02   2.6569E-02   2.3561E+01   1.0288E+02
   1.3435E+00   2.9021E-03   9.2746E-03   1.3628E-02   5.7205E-02   1.9791E+02   1.9826E+02   9.1486E-03   1.1632E-02   2.5355E-02   6.0968E-02   1.4899E+02   3.0435E+02   8.8609E-03   1.1149E-02   2.4440E-02   5.9298E-02   1.6704E+02   3.0441E+02   4.0989E-03   4.2884E-03   1.0437E-02   2.2822E-02   1.9612E+01   9.1547E+01
   1.3843E+00   2.4514E-03   7.7948E-03   1.1472E-02   4.8030E-02   1.8211E+02   1.8313E+02   7.8932E-03   9.9201E-03   2.1760E-02   5.2308E-02   1.3021E+02   2.6810E+02   7.7303E-03   9.5763E-03   2.1172E-02   5.1225E-02   1.4594E+02   2.6778E+02   3.6170E-03   3.5919E-03   9.0174E-03   1.9471E-02   1.6317E+01   8.0548E+01
   1.4250E+00   2.0567E-03   6.5051E-03   9.5902E-03   4.0046E-02   1.6875E+02   1.7293E+02   6.8091E-03   8.4316E-03   1.8645E-02   4.4786E-02   1.1258E+02   2.3416E+02   6.7464E-03   8.1984E-03   1.8318E-02   4.4130E-02   1.2606E+02   2.3387E+02   3.2019E-03   3.0012E-03   7.8041E-03   1.6584E-02   1.2972E+01   7.0025E+01
   1.4657E+00   1.7146E-03   5.3931E-03   7.9650E-03   3.3180E-02   1.5746E+02   1.6678E+02   5.8856E-03   7.1536E-03   1.5982E-02   3.8306E-02   9.5639E+01   2.0265E+02   5.8955E-03   7.0073E-03   1.5850E-02   3.7934E-02   1.0741E+02   2.0256E+02   2.8454E-03   2.5129E-03   6.7811E-03   1.4145E-02   9.8448E+00   5.9807E+01
   1.5064E+00   1.4210E-03   4.4436E-03   6.5752E-03   2.7332E-02   1.4710E+02   1.6257E+02   5.1041E-03   6.0691E-03   1.3725E-02   3.2767E-02   7.9628E+01   1.7292E+02   5.1613E-03   5.9930E-03   1.3735E-02   3.2581E-02   8.9865E+01   1.7345E+02   2.5368E-03   2.1140E-03   5.9193E-03   1.2117E-02   6.6474E+00   5.0115E+01
   1.5471E+00   1.1711E-03   3.6393E-03   5.3959E-03   2.2389E-02   1.3746E+02   1.5928E+02   4.4433E-03   5.1567E-03   1.1822E-02   2.8052E-02   6.4640E+01   1.4566E+02   4.5265E-03   5.1366E-03   1.1926E-02   2.8018E-02   7.3474E+01   1.4636E+02   2.2673E-03   1.7863E-03   5.1872E-03   1.0439E-02   3.6708E+00   4.0972E+01
   1.5878E+00   9.5970E-04   2.9618E-03   4.4013E-03   1.8233E-02   1.2829E+02   1.5610E+02   3.8826E-03   4.3940E-03   1.0218E-02   2.4060E-02   5.0752E+01   1.2075E+02   3.9764E-03   4.4091E-03   1.0374E-02   2.4143E-02   5.8278E+01   1.2139E+02   2.0312E-03   1.5122E-03   4.5591E-03   9.0379E-03   8.9626E-01   3.2446E+01
   1.6285E+00   7.8578E-04   2.4052E-03   3.5838E-03   1.4822E-02   1.1978E+02   1.5327E+02   3.4184E-03   3.7645E-03   8.8920E-03   2.0744E-02   3.7825E+01   9.7472E+01   3.5199E-03   3.8031E-03   9.0830E-03   2.0926E-02   4.4248E+01   9.8036E+01   1.8335E-03   1.2886E-03   4.0388E-03   7.8840E-03  -1.6677E+00   2.4503E+01
   1.6693E+00   6.3987E-04   1.9395E-03   2.8993E-03   1.1970E-02   1.1130E+02   1.4956E+02   3.0257E-03   3.2374E-03   7.7759E-03   1.7947E-02   2.6213E+01   7.6218E+01   3.1316E-03   3.2905E-03   7.9879E-03   1.8214E-02   3.1727E+01   7.6789E+01   1.6630E-03   1.1031E-03   3.5976E-03   6.9107E-03  -3.9091E+00   1.7375E+01
   1.7100E+00   5.1569E-04   1.5432E-03   2.3168E-03   9.5453E-03   1.0205E+02   1.4374E+02   2.6832E-03   2.7877E-03   6.8126E-03   1.5556E-02   1.6202E+01   5.7348E+01   2.7901E-03   2.8434E-03   7.0285E-03   1.5860E-02   2.0931E+01   5.8091E+01   1.5110E-03   9.4482E-04   3.2113E-03   6.0640E-03  -5.6728E+00   1.1169E+01
   1.7507E+00   4.0875E-04   1.2047E-03   1.8178E-03   7.4751E-03   9.1920E+01   1.3541E+02   2.3795E-03   2.3966E-03   5.9658E-03   1.3477E-02   7.6826E+00   4.0992E+01   2.4855E-03   2.4482E-03   6.1764E-03   1.3776E-02   1.1872E+01   4.2023E+01   1.3729E-03   8.0867E-04   2.8680E-03   5.3164E-03  -7.0362E+00   5.9011E+00
   1.7914E+00   3.1670E-04   9.1516E-04   1.3902E-03   5.7036E-03   8.0959E+01   1.2442E+02   2.1061E-03   2.0502E-03   5.2093E-03   1.1632E-02   7.4719E-01   2.7021E+01   2.2106E-03   2.0966E-03   5.4125E-03   1.1901E-02   4.4044E+00   2.8430E+01   1.2453E-03   6.9055E-04   2.5585E-03   4.6505E-03  -7.9376E+00   1.5634E+00
   1.8321E+00   2.3775E-04   6.6773E-04   1.0244E-03   4.1880E-03   6.9043E+01   1.1038E+02   1.8553E-03   1.7378E-03   4.5208E-03   9.9616E-03  -4.5292E+00   1.5532E+01   1.9578E-03   1.7820E-03   4.7187E-03   1.0198E-02  -1.5266E+00   1.7151E+01   1.1252E-03   5.8532E-04   2.2732E-03   4.0482E-03  -8.3604E+00  -1.8512E+00
   1.8728E+00   1.7054E-04   4.5753E-04   7.1333E-04   2.8981E-03   5.6270E+01   9.3335E+01   1.6212E-03   1.4526E-03   3.8845E-03   8.4272E-03  -8.3186E+00   6.2085E+00   1.7201E-03   1.4968E-03   4.0769E-03   8.6404E-03  -5.7010E+00   8.1362E+00   1.0110E-03   4.8763E-04   2.0041E-03   3.4911E-03  -8.2862E+00  -4.3917E+00
   1.9135E+00   1.1479E-04   2.8315E-04   4.5534E-04   1.8238E-03   4.2883E+01   7.3564E+01   1.3990E-03   1.1869E-03   3.2854E-03   7.0016E-03  -1.0606E+01  -9.7453E-01   1.4922E-03   1.2302E-03   3.4685E-03   7.1957E-03  -8.4604E+00   1.1070E+00   9.0251E-04   3.9162E-04   1.7454E-03   2.9566E-03  -7.6980E+00  -5.9979E+00
   1.9543E+00   7.1282E-05   1.4645E-04   2.5337E-04   9.7619E-04   2.9375E+01   5.1802E+01   1.1837E-03   9.2847E-04   2.7040E-03   5.6474E-03  -1.1282E+01  -6.2328E+00   1.2700E-03   9.6842E-04   2.8735E-03   5.8194E-03  -9.6367E+00  -4.0651E+00   8.0206E-04   2.9118E-04   1.4943E-03   2.4194E-03  -6.4718E+00  -6.4746E+00
   1.9950E+00   4.1939E-05   5.2299E-05   1.1521E-04   3.8863E-04   1.6685E+01   2.9719E+01   9.7055E-04   6.4634E-04   2.1022E-03   4.2469E-03  -9.8508E+00  -9.1458E+00   1.0518E-03   6.8826E-04   2.2660E-03   4.4297E-03  -9.0017E+00  -7.3644E+00   7.1758E-04   1.7949E-04   1.2559E-03   1.8525E-03  -4.6077E+00  -5.6439E+00
   2.0357E+00   2.8578E-05   4.0590E-06   4.6925E-05   9.0600E-05   6.3780E+00   1.1017E+01   7.7463E-04   2.7336E-04   1.4353E-03   2.4756E-03  -5.8784E+00  -7.7640E+00   8.5081E-04   3.2652E-04   1.6027E-03   2.7370E-03  -5.6110E+00  -6.8804E+00   6.8142E-04   5.3435E-05   1.0756E-03   1.2743E-03  -2.2040E+00  -3.3119E+00
