% N=  50
%           r           Er
   4.1483E-02  -1.4771E-01
   8.2966E-02  -2.9633E-01
   1.2445E-01  -4.4517E-01
   1.6593E-01  -5.9534E-01
   2.0741E-01  -7.4936E-01
   2.4890E-01  -9.0722E-01
   2.9038E-01  -1.0670E+00
   3.3186E-01  -1.2332E+00
   3.7335E-01  -1.4098E+00
   4.1483E-01  -1.5913E+00
   4.5631E-01  -1.7812E+00
   4.9780E-01  -1.9843E+00
   5.3928E-01  -2.1997E+00
   5.8076E-01  -2.4291E+00
   6.2224E-01  -2.6712E+00
   6.6373E-01  -2.9269E+00
   7.0521E-01  -3.1994E+00
   7.4669E-01  -3.4876E+00
   7.8818E-01  -3.7931E+00
   8.2966E-01  -4.1155E+00
   8.7114E-01  -4.4550E+00
   9.1263E-01  -4.8176E+00
   9.5411E-01  -5.1991E+00
   9.9559E-01  -5.6067E+00
   1.0371E+00  -6.0335E+00
   1.0786E+00  -6.4828E+00
   1.1200E+00  -6.9589E+00
   1.1615E+00  -7.4616E+00
   1.2030E+00  -7.9904E+00
   1.2445E+00  -8.5488E+00
   1.2860E+00  -9.1356E+00
   1.3275E+00  -9.7554E+00
   1.3689E+00  -1.0405E+01
   1.4104E+00  -1.1086E+01
   1.4519E+00  -1.1794E+01
   1.4934E+00  -1.2544E+01
   1.5349E+00  -1.3321E+01
   1.5764E+00  -1.4117E+01
   1.6178E+00  -1.4924E+01
   1.6593E+00  -1.5737E+01
   1.7008E+00  -1.6525E+01
   1.7423E+00  -1.7267E+01
   1.7838E+00  -1.7931E+01
   1.8253E+00  -1.8467E+01
   1.8667E+00  -1.8807E+01
   1.9082E+00  -1.8870E+01
   1.9497E+00  -1.8516E+01
   1.9912E+00  -1.7480E+01
   2.0327E+00  -1.5104E+01
   2.0741E+00  -9.4733E+00
