% N=  92
%           r           Er
   4.0898E-02  -1.9531E-01
   4.0898E-02   3.4630E-01
   4.0898E-02   7.3655E-01
   8.1796E-02  -3.8086E-01
   8.1796E-02   6.6481E-01
   8.1796E-02   1.4799E+00
   1.2269E-01  -5.5129E-01
   1.2269E-01   9.4464E-01
   1.2269E-01   2.2191E+00
   1.6359E-01  -7.0162E-01
   1.6359E-01   1.1715E+00
   1.6359E-01   2.9703E+00
   2.0449E-01  -8.2909E-01
   2.0449E-01   1.3433E+00
   2.0449E-01   3.7169E+00
   2.4539E-01  -9.3121E-01
   2.4539E-01   1.4551E+00
   2.4539E-01   4.4606E+00
   2.8629E-01  -1.0067E+00
   2.8629E-01   1.5118E+00
   2.8629E-01   5.1848E+00
   3.2719E-01  -1.0596E+00
   3.2719E-01   1.5293E+00
   3.2719E-01   5.8654E+00
   3.6808E-01  -1.0937E+00
   3.6808E-01   1.5200E+00
   3.6808E-01   6.5084E+00
   4.0898E-01  -1.1128E+00
   4.0898E-01   1.4945E+00
   4.0898E-01   7.0763E+00
   4.4988E-01  -1.1376E+00
   4.4988E-01   1.4931E+00
   4.4988E-01   7.5811E+00
   4.9078E-01  -1.1729E+00
   4.9078E-01   1.5185E+00
   4.9078E-01   8.0063E+00
   5.3168E-01  -1.2108E+00
   5.3168E-01   1.5541E+00
   5.3168E-01   8.3706E+00
   5.7257E-01  -1.2550E+00
   5.7257E-01   1.6045E+00
   5.7257E-01   8.6313E+00
   6.1347E-01  -1.3059E+00
   6.1347E-01   1.6687E+00
   6.1347E-01   8.8281E+00
   6.5437E-01  -1.3667E+00
   6.5437E-01   1.7540E+00
   6.5437E-01   8.9532E+00
   6.9527E-01  -1.4411E+00
   6.9527E-01   1.8693E+00
   6.9527E-01   8.9168E+00
   7.3617E-01  -1.5367E+00
   7.3617E-01   2.0436E+00
   7.3617E-01   8.5832E+00
   7.7707E-01  -1.5977E+00
   7.7707E-01   2.3395E+00
   7.7707E-01   7.1811E+00
   8.1796E-01  -1.6030E+00
   8.1796E-01   2.8204E+00
   8.1796E-01   5.7317E+00
   8.5886E-01  -1.6969E+00
   8.5886E-01   3.4150E+00
   8.5886E-01   5.0841E+00
   8.9976E-01  -1.8556E+00
   9.4066E-01  -2.0347E+00
   9.8156E-01  -2.2546E+00
   1.0225E+00  -2.5352E+00
   1.0634E+00  -2.9286E+00
   1.1043E+00  -3.4274E+00
   1.1451E+00  -4.0525E+00
   1.1860E+00  -4.8520E+00
   1.2269E+00  -5.9600E+00
   1.2678E+00  -1.2686E+01
   1.3087E+00  -1.4772E+01
   1.3496E+00  -1.4632E+01
   1.3905E+00  -1.4198E+01
   1.4314E+00  -1.3738E+01
   1.4723E+00  -1.3340E+01
   1.5132E+00  -1.3018E+01
   1.5541E+00  -1.2770E+01
   1.5950E+00  -1.2578E+01
   1.6359E+00  -1.2559E+01
   1.6768E+00  -1.2619E+01
   1.7177E+00  -1.2698E+01
   1.7586E+00  -1.2814E+01
   1.7995E+00  -1.2975E+01
   1.8404E+00  -1.3167E+01
   1.8813E+00  -1.3311E+01
   1.9222E+00  -1.3191E+01
   1.9631E+00  -1.2479E+01
   2.0040E+00  -1.0661E+01
   2.0449E+00  -6.4814E+00
