% N=  82
%           r           Er
   3.0774E-02  -1.0741E-01
   3.0774E-02   1.2761E-01
   3.0774E-02   1.3497E+00
   6.1548E-02  -2.1787E-01
   6.1548E-02   2.5984E-01
   6.1548E-02   2.6850E+00
   9.2321E-02  -3.3351E-01
   9.2321E-02   4.0063E-01
   9.2321E-02   3.9885E+00
   1.2310E-01  -4.5686E-01
   1.2310E-01   5.5319E-01
   1.2310E-01   5.2452E+00
   1.5387E-01  -5.9046E-01
   1.5387E-01   7.2337E-01
   1.5387E-01   6.4357E+00
   1.8464E-01  -7.3595E-01
   1.8464E-01   9.1415E-01
   1.8464E-01   7.5565E+00
   2.1542E-01  -8.9502E-01
   2.1542E-01   1.1302E+00
   2.1542E-01   8.5492E+00
   2.4619E-01  -1.0710E+00
   2.4619E-01   1.3822E+00
   2.4619E-01   9.3778E+00
   2.7696E-01  -1.2709E+00
   2.7696E-01   1.6928E+00
   2.7696E-01   9.9265E+00
   3.0774E-01  -1.5015E+00
   3.0774E-01   2.1131E+00
   3.0774E-01   9.8872E+00
   3.3851E-01  -1.5634E+00
   3.3851E-01   2.4939E+00
   3.3851E-01   8.3879E+00
   3.6929E-01  -1.4478E+00
   3.6929E-01   2.8035E+00
   3.6929E-01   6.5156E+00
   4.0006E-01  -1.5344E+00
   4.0006E-01   3.3199E+00
   4.0006E-01   6.0938E+00
   4.3083E-01  -1.6891E+00
   4.3083E-01   3.8548E+00
   4.3083E-01   6.0786E+00
   4.6161E-01  -1.8107E+00
   4.6161E-01   4.3339E+00
   4.6161E-01   6.1506E+00
   4.9238E-01  -1.9232E+00
   4.9238E-01   4.8750E+00
   4.9238E-01   6.1186E+00
   5.2315E-01  -2.0385E+00
   5.5393E-01  -2.1635E+00
   5.8470E-01  -2.3534E+00
   6.1548E-01  -2.5676E+00
   6.4625E-01  -2.8101E+00
   6.7702E-01  -3.0810E+00
   7.0780E-01  -3.3831E+00
   7.3857E-01  -3.7179E+00
   7.6934E-01  -4.0888E+00
   8.0012E-01  -4.4978E+00
   8.3089E-01  -4.9393E+00
   8.6167E-01  -5.4079E+00
   8.9244E-01  -5.8997E+00
   9.2321E-01  -6.4153E+00
   9.5399E-01  -6.9537E+00
   9.8476E-01  -7.5214E+00
   1.0155E+00  -8.1776E+00
   1.0463E+00  -8.9183E+00
   1.0771E+00  -9.6721E+00
   1.1079E+00  -1.0335E+01
   1.1386E+00  -1.0830E+01
   1.1694E+00  -1.1127E+01
   1.2002E+00  -1.1234E+01
   1.2310E+00  -1.1088E+01
   1.2617E+00  -1.0769E+01
   1.2925E+00  -1.0329E+01
   1.3233E+00  -9.7803E+00
   1.3540E+00  -9.1213E+00
   1.3848E+00  -8.3631E+00
   1.4156E+00  -7.5276E+00
   1.4464E+00  -6.6397E+00
   1.4771E+00  -5.7105E+00
   1.5079E+00  -4.6572E+00
   1.5387E+00  -3.3264E+00
