%(1)r,m	(2)ne,10^20/m^3	(3)nD,10^20/m^3	(4)nT,10^20/m^3	(5)nHe,10^20/m^3	(6)Te,keV	(7)TD,keV	(8)TT,keV	(9)Er,kV/m	(10)Zeff	(11)pressure,Pa	(12)PNBIe	(13)PNBIi	(14)PECRH	(15)Palpha	(16)D11e,m^2/s	(17)D12e	(18)D21e	(19)D22e	(20)D11D	(21)D12D	(22)D21D	(23)D22D	(24)D11T	(25)D12T	(26)D21T	(27)D22T	(28)D31e	(29)D32e	(30)D31D	(31)D32D	(32)D31T	(33)D32T	(34)Dpsi	(35)Sigma,A/V/m	(36)DeAno	(37)XeAno	(38)XiAno	(39)beta	(40)Nue	(41)NuD	(42)NuT	(43)roStarD	(44)roStarT	(45)FluxN	(46)FluxQe	(47)FluxQi	(48)FluxNeo	(49)FluxAno	(50)FluxQeNeo	(51)FluxQiNeo	(52)FluxQeAno	(53)FluxQiAno	(54)AmbiFlux	(55)J_bse,A/m^2	(56)J_bsi	(57)J_bs,A/m^2	(58)J_eccd	(59)J_nbcd	(60)J_cd	(61)J_ohm	(62)J_tor	(63)I_bs,A	(64)I_eccd	(65)I_nbcd	(66)I_cd	(67)I_tor	(68)I_ohm	(69)iotaCF	(70)iotaBS	(71)iota	
0	2.2675	0.89995	0.89995	0.23378	19.146	18.232	18.214	0	1.2062	1.2894e+06	0	0	0	1.7313	0.0092264	0.017932	0.031771	0.090611	0.0031132	0.00044045	0.0051102	0.0067914	0.0035096	0.00043886	0.0057032	0.0075895	-17.398	-70.981	5.0602	13.421	5.296	12.569	0.0016138	4.9311e+08	0.011902	0.25788	0.25788	15.28	0.0030819	0.001598	0.001409	0.0035859	0.0043897	0.0007412	0.0071125	0.0050208	0.00050351	0.0002377	0.0013145	0.00035989	0.005798	0.0046609	-0.00012307	0	0	0	0	0	0	-1232.5	-1232.5	0	0	0	0	0	0	1.368	1.3686	1.3669	
0.030774	2.2672	0.89993	0.89993	0.23365	19.137	18.222	18.204	1.7466	1.2061	1.2886e+06	0	0	0	1.7299	0.0092059	0.017895	0.031704	0.090363	0.0031148	0.0004398	0.0051119	0.0067412	0.0035108	0.00043768	0.0057038	0.0075354	-17.051	-70.898	5.176	13.732	5.4056	12.835	0.0016143	4.9295e+08	0.011904	0.25792	0.25792	15.27	0.0030835	0.0015989	0.0014098	0.0035847	0.0043881	0.0014816	0.014221	0.010041	0.0010062	0.00047546	0.0026219	0.00071802	0.011599	0.0093232	-0.0002238	95.909	37.26	133.17	0	0	0	-1232.5	-1099.3	0.43254	0	0	0	-3.5707	-4.0033	1.368	1.3681	1.3669	
0.061548	2.2653	0.89983	0.89983	0.23283	19.082	18.164	18.147	3.4845	1.2056	1.2838e+06	0	0	0	1.7214	0.0091352	0.017805	0.031508	0.090061	0.0031215	0.00045253	0.0051348	0.0067921	0.0035134	0.00044944	0.0057196	0.0075786	-15.695	-70.593	5.6274	14.927	5.8396	13.911	0.0016185	4.9167e+08	0.011913	0.25813	0.25813	15.214	0.003096	0.0016058	0.0014159	0.0035778	0.0043797	0.0029887	0.02843	0.02005	0.0020263	0.00096248	0.0052463	0.0014414	0.023184	0.018609	-0.00055015	198.25	80.875	279.13	0	0	0	-1157.9	-878.76	2.6771	0	0	0	-12.846	-15.523	1.3679	1.3681	1.3669	
0.092321	2.2622	0.89963	0.89963	0.23146	18.99	18.069	18.051	5.2007	1.2046	1.2759e+06	0	0	0	1.7072	0.00903	0.01765	0.031195	0.089043	0.0031323	0.00047316	0.0051716	0.0068679	0.0035168	0.00046806	0.0057432	0.007629	-13.683	-70.416	6.378	16.877	6.5724	15.704	0.0016258	4.8946e+08	0.01193	0.25848	0.25848	15.12	0.0031181	0.001618	0.0014266	0.0035663	0.0043656	0.0044841	0.042497	0.029966	0.0030448	0.0014393	0.0077763	0.0021654	0.034721	0.027801	-0.00080539	312.88	136.99	449.87	0	0	0	-1033.7	-583.88	8.8647	0	0	0	-24.23	-33.094	1.3678	1.3681	1.3669	
0.1231	2.2579	0.89938	0.89938	0.22956	18.861	17.936	17.918	6.8852	1.2033	1.2649e+06	0	0	0	1.6875	0.0088937	0.017456	0.030797	0.087885	0.0031466	0.00049997	0.0052199	0.0069509	0.0035209	0.00049196	0.0057733	0.0076721	-11.208	-70.572	7.4163	19.523	7.6004	18.175	0.0016364	4.8629e+08	0.011953	0.25897	0.25897	14.99	0.0031501	0.0016355	0.001442	0.0035503	0.004346	0.0059798	0.056378	0.039745	0.004069	0.0019108	0.010222	0.0028882	0.046156	0.036856	-0.0010566	444.99	211.67	656.66	0	0	0	-860.73	-204.07	21.743	0	0	0	-32.551	-54.294	1.3676	1.368	1.367	
0.15387	2.2523	0.89903	0.89903	0.22714	18.696	17.766	17.749	8.5281	1.2017	1.2509e+06	0	0	0	1.6621	0.0087314	0.017232	0.030329	0.086659	0.003164	0.00053366	0.0052797	0.0070597	0.0035257	0.00052215	0.0058107	0.0077322	-8.3967	-71.247	8.7218	22.794	8.9108	21.274	0.0016506	4.8212e+08	0.011982	0.25961	0.25961	14.824	0.0031923	0.0016585	0.0014622	0.0035298	0.004321	0.0075039	0.070016	0.049344	0.0051087	0.0023952	0.012586	0.0036149	0.05743	0.045729	-0.0013568	599.9	310.47	910.37	0	0	0	-640.24	270.13	44.949	0	0	0	-30.83	-75.779	1.3674	1.3679	1.367	
0.18464	2.2456	0.89858	0.89858	0.22421	18.495	17.561	17.544	10.118	1.1997	1.2339e+06	0	0	0	1.6313	0.0085465	0.016977	0.029797	0.085371	0.0031845	0.00057411	0.0053508	0.0071946	0.0035312	0.00055887	0.0058556	0.0078163	-5.4885	-72.463	10.266	26.6	10.482	24.938	0.0016686	4.769e+08	0.012018	0.26039	0.26039	14.623	0.0032444	0.0016868	0.001487	0.003505	0.0042906	0.0090519	0.083346	0.058717	0.006161	0.0028909	0.014858	0.0043449	0.068488	0.054372	-0.0016542	778.11	437.99	1216.1	0	0	0	-374.71	841.4	83.165	0	0	0	-10.2	-93.365	1.3671	1.3678	1.367	
0.21542	2.2375	0.89798	0.89798	0.22079	18.259	17.322	17.305	11.642	1.1973	1.214e+06	0	0	0	1.5949	0.008347	0.016703	0.029223	0.084064	0.0032079	0.00062123	0.0054331	0.007358	0.0035375	0.00060158	0.0059078	0.0079222	-2.5454	-74.277	12.011	30.841	12.283	29.092	0.0016909	4.7061e+08	0.012061	0.26133	0.26133	14.387	0.0033077	0.0017209	0.0015169	0.0034761	0.0042553	0.010567	0.096305	0.067818	0.0072098	0.003357	0.017012	0.0050698	0.079293	0.062749	-0.0018664	982.84	597.15	1580	0	0	0	-67.164	1512.8	142.22	0	0	0	40.096	-102.12	1.3667	1.3677	1.367	
0.24619	2.2285	0.89733	0.89733	0.2169	17.99	17.05	17.033	13.092	1.1947	1.1916e+06	0	0	0	1.5534	0.0081397	0.016421	0.02863	0.082765	0.0032344	0.00067435	0.0055259	0.0075484	0.0035453	0.00064952	0.0059674	0.0080481	0.34254	-76.628	13.91	35.393	14.281	33.651	0.0017178	4.6324e+08	0.012111	0.2624	0.2624	14.121	0.0033845	0.001762	0.0015529	0.0034435	0.0042154	0.0121	0.1088	0.076588	0.0082692	0.0038304	0.019052	0.0057949	0.08975	0.070793	-0.0020319	1212.9	790.18	2003	0	0	0	277.91	2281	229.09	0	0	0	132.58	-96.508	1.3664	1.3675	1.367	
0.27696	2.2181	0.89648	0.89648	0.21255	17.688	16.747	16.731	14.462	1.1917	1.1665e+06	0	0	0	1.5067	0.0079295	0.016136	0.02803	0.081483	0.0032633	0.00073177	0.0056267	0.0077521	0.0035546	0.00070121	0.006033	0.0081854	3.0854	-79.432	15.914	40.132	16.433	38.523	0.0017498	4.5478e+08	0.012167	0.26362	0.26362	13.823	0.0034752	0.0018101	0.0015952	0.0034075	0.0041713	0.0137	0.12078	0.084985	0.0093515	0.0043488	0.02098	0.0065206	0.099795	0.078464	-0.0022099	1464.4	1018.1	2482.4	0	0	0	654.95	3137.4	351.79	0	0	0	281.23	-70.558	1.3659	1.3673	1.367	
0.30774	2.2065	0.89543	0.89543	0.2078	17.354	16.416	16.4	15.744	1.1884	1.1389e+06	0	0	0	1.4549	0.0077206	0.01585	0.027431	0.080205	0.0032945	0.00079278	0.0057346	0.0079739	0.0035656	0.00075562	0.0061041	0.0083344	5.7027	-81.981	17.97	44.926	18.695	43.597	0.0017873	4.4524e+08	0.012231	0.26501	0.26501	13.497	0.0035811	0.0018659	0.0016441	0.0033685	0.0041236	0.015242	0.13213	0.092951	0.010412	0.00483	0.022734	0.0072294	0.10939	0.085722	-0.0020451	1726	1278.4	3004.3	0	0	0	1057.5	4061.8	518.82	0	0	0	500.76	-18.057	1.3657	1.3673	1.3673	
0.33851	2.1938	0.89423	0.89423	0.20265	16.991	16.057	16.042	16.946	1.1848	1.1092e+06	0	0	0	1.3986	0.0075725	0.015651	0.027009	0.079309	0.0033194	0.00084478	0.0058239	0.0081537	0.0035716	0.00080073	0.0061581	0.0084463	6.3052	-88.315	20.205	49.822	21.302	49.168	0.0018317	4.3444e+08	0.012302	0.26654	0.26654	13.145	0.0037045	0.0019303	0.0017006	0.0033273	0.0040731	0.016754	0.14275	0.10042	0.011461	0.005293	0.024357	0.0078862	0.1184	0.092531	-0.0020837	2027.3	1585.1	3612.4	0	0	0	1475.3	5087.7	740.71	0	0	0	807.87	67.165	1.3657	1.3676	1.3678	
0.36929	2.18	0.89283	0.89283	0.19715	16.599	15.675	15.66	18.064	1.1809	1.0775e+06	0	0	0	1.338	0.007472	0.015518	0.026726	0.078697	0.0033372	0.00088504	0.0058909	0.0082809	0.0035731	0.00083936	0.0061991	0.008538	5.4974	-96.723	22.495	54.623	24.051	54.859	0.0018834	4.2252e+08	0.01238	0.26823	0.26823	12.769	0.0038466	0.002004	0.0017653	0.0032837	0.0040197	0.018312	0.15259	0.10736	0.012515	0.0057973	0.025852	0.0084926	0.12674	0.098868	-0.0024323	2351.1	1931.1	4282.2	0	0	0	1900.4	6182.6	1029.8	0	0	0	1220.8	190.99	1.3651	1.3673	1.3677	
0.40006	2.1649	0.89113	0.89113	0.19134	16.183	15.27	15.255	19.087	1.1768	1.044e+06	0	0	0	1.2733	0.0073758	0.015389	0.026452	0.078103	0.0033536	0.00092274	0.0059531	0.0084009	0.0035741	0.00087698	0.0062381	0.0086332	4.7736	-103.81	24.638	59.085	26.613	60.141	0.0019424	4.0969e+08	0.012466	0.27009	0.27009	12.372	0.0040088	0.0020874	0.0018384	0.0032374	0.0039631	0.019859	0.16163	0.11378	0.013557	0.0063023	0.027175	0.0090567	0.13446	0.10473	-0.0028438	2662.2	2294.5	4956.7	0	0	0	2323.1	7279.8	1396.4	0	0	0	1755.2	358.78	1.3641	1.3667	1.3673	
0.43083	2.1489	0.88918	0.88918	0.18525	15.742	14.845	14.831	19.996	1.1724	1.0088e+06	0	0	0	1.2051	0.0072842	0.015266	0.026193	0.077507	0.0033701	0.00095969	0.0060148	0.0085236	0.0035755	0.00091398	0.0062773	0.0087311	4.4877	-108.76	26.569	63.112	28.88	64.827	0.0020093	3.9604e+08	0.012559	0.27211	0.27211	11.955	0.0041935	0.0021817	0.001921	0.0031885	0.0039032	0.021439	0.16985	0.11965	0.014611	0.006828	0.028331	0.0095793	0.14151	0.11007	-0.0036283	2942.1	2663.4	5605.5	0	0	0	2734.7	8340.2	1847.9	0	0	0	2423	575.11	1.3626	1.3656	1.3665	
0.46161	2.1315	0.88683	0.88683	0.17891	15.281	14.403	14.39	20.763	1.1679	9.7225e+05	0	0	0	1.1337	0.0071649	0.015081	0.025829	0.076634	0.0033892	0.00099908	0.0060829	0.0086636	0.0035792	0.00095267	0.0063215	0.0088392	4.8076	-110.71	28.243	66.644	30.779	68.804	0.0020849	3.8169e+08	0.012661	0.27433	0.27433	11.522	0.0044027	0.0022875	0.0020137	0.0031372	0.0038405	0.022991	0.17705	0.12497	0.015615	0.0073755	0.029229	0.010059	0.14782	0.11491	-0.003913	3159.8	3024.5	6184.3	0	0	0	3125.4	9309.7	2387.7	0	0	0	3231.2	843.56	1.3608	1.3641	1.3653	
0.49238	2.113	0.88413	0.88413	0.17237	14.8	13.946	13.934	21.374	1.1632	9.3451e+05	0	0	0	1.0599	0.0070382	0.014929	0.025487	0.075997	0.0034126	0.0010428	0.0061617	0.0088335	0.003587	0.00099451	0.006375	0.0089685	5.9869	-109.16	29.64	69.645	32.272	72.022	0.0021698	3.6675e+08	0.012772	0.27673	0.27673	11.075	0.0046394	0.0024064	0.0021178	0.0030838	0.0037753	0.024621	0.18329	0.12969	0.016696	0.0079249	0.030061	0.010497	0.15323	0.11919	-0.0057495	3296.8	3366.6	6663.3	0	0	0	3486.5	10150	3014.8	0	0	0	4181.3	1166.5	1.3589	1.3626	1.3641	
0.52315	2.0933	0.88098	0.88098	0.16566	14.304	13.476	13.466	21.759	1.1583	8.9581e+05	0	0	0	0.98414	0.0069049	0.0148	0.025157	0.075547	0.0034455	0.001099	0.0062672	0.0090724	0.0036018	0.0010451	0.0064478	0.0091426	8.4163	-102.23	30.743	72.088	33.32	74.44	0.0022649	3.5136e+08	0.012892	0.27934	0.27934	10.616	0.0049061	0.0025395	0.0022341	0.0030282	0.0037073	0.026426	0.18848	0.13384	0.017902	0.0085246	0.030867	0.010907	0.15761	0.12293	-0.0099289	3279.4	3675.7	6955	0	0	0	3808.6	10764	3720.7	0	0	0	5265.6	1544.9	1.3569	1.361	1.3626	
0.55393	2.0723	0.87733	0.87733	0.15882	13.797	12.996	12.989	21.752	1.1533	8.564e+05	0	0	0	0.90721	0.0067983	0.01479	0.024987	0.075817	0.0035037	0.001192	0.0064476	0.0095029	0.0036335	0.0011205	0.0065707	0.0094385	12.766	-89.683	31.627	74.153	33.957	76.18	0.0023707	3.3568e+08	0.013023	0.28217	0.28217	10.149	0.0052054	0.0026883	0.0023639	0.0029704	0.0036369	0.02864	0.19256	0.1374	0.019474	0.0091659	0.031945	0.011324	0.16061	0.12607	-0.0205	3088.9	3936.4	7025.3	0	0	0	4087.5	11113	4487.3	0	0	0	6465.6	1978.2	1.3547	1.3591	1.361	
0.5847	2.05	0.87313	0.87313	0.15185	13.282	12.508	12.504	20.939	1.1482	8.1657e+05	0	0	0	0.82994	0.0066844	0.014969	0.024996	0.077403	0.0036422	0.0014157	0.0068791	0.010621	0.003721	0.0012839	0.0068654	0.010202	22.131	-63.106	32.44	76.472	34.383	78.287	0.0024876	3.199e+08	0.013165	0.28524	0.28524	9.677	0.0055378	0.002854	0.002508	0.0029108	0.0035644	0.031775	0.19495	0.14035	0.021886	0.0098885	0.033776	0.011966	0.16118	0.12839	-0.043501	2470	4132.2	6602.2	0	0	0	4318.7	10921	5274.9	0	0	0	7739.6	2464.8	1.3526	1.3573	1.3594	
0.61548	2.0261	0.86828	0.86828	0.14476	12.772	12.016	12.017	18.417	1.1429	7.768e+05	0	0	0	0.75327	0.0069719	0.016339	0.026797	0.085576	0.0040449	0.0020197	0.008087	0.013511	0.0039935	0.0017352	0.0077255	0.012423	39.402	-12.881	33.089	78.273	34.572	79.814	0.0026142	3.0441e+08	0.01332	0.2886	0.2886	9.2057	0.0058994	0.0030378	0.0026671	0.00285	0.0034906	0.037591	0.19474	0.14219	0.026926	0.010665	0.038572	0.01336	0.15616	0.12883	-0.10147	996.18	4141.6	5137.8	0	0	0	4503	9640.8	5986.9	0	0	0	8988.6	3001.7	1.3504	1.3552	1.3576	
0.64625	2.0007	0.86273	0.86273	0.13761	12.292	11.531	11.538	11.91	1.1376	7.3832e+05	0	0	0	0.6792	0.0083264	0.021647	0.034137	0.11827	0.0061091	0.0046284	0.013792	0.025235	0.0057344	0.0041348	0.012736	0.023353	75.274	109.19	35.52	84.098	35.781	83.705	0.0027439	2.9001e+08	0.013489	0.29227	0.29227	8.7496	0.0062682	0.0032373	0.0028391	0.0027888	0.0034166	0.048757	0.18398	0.13131	0.038288	0.01047	0.051324	0.0185	0.13265	0.11281	-0.19704	-2778.9	3602.9	823.94	0	0	0	4652.4	5476.3	6361	0	0	0	9947.3	3586.3	1.3484	1.3531	1.3557	
0.67702	1.9783	0.85638	0.85638	0.13277	11.936	11.176	11.177	-2.3351	1.1342	7.0879e+05	0	0	0	0.62208	0.012061	0.039042	0.057134	0.24043	0.042472	0.064517	0.12822	0.31236	0.039455	0.057131	0.11631	0.27515	126.42	346.48	66.915	142.43	63.464	128.91	0.0028473	2.7948e+08	0.013642	0.29557	0.29557	8.3997	0.0065612	0.0033964	0.0029805	0.0027424	0.0033589	0.094552	0.21859	0.18614	0.084269	0.010283	0.1116	0.10115	0.10698	0.08499	0.35155	-11444	3070.1	-8374	0	0	0	4817.4	-3556.6	5843	0	0	0	10062	4219.2	1.3465	1.3504	1.3532	
0.7078	1.9543	0.84914	0.84914	0.12802	11.621	10.913	10.908	-2.8289	1.131	6.8314e+05	0	0	0	0.57773	0.010627	0.034037	0.049977	0.2085	0.033845	0.049809	0.10058	0.24081	0.031408	0.043962	0.091075	0.21202	121.73	328.54	64.642	134.2	60.502	122.48	0.002944	2.703e+08	0.013809	0.2992	0.2992	8.0957	0.0068264	0.0035074	0.0030801	0.0027071	0.0033148	0.085673	0.19913	0.14639	0.074282	0.011391	0.094882	0.06914	0.10425	0.077245	0.0037819	-11029	2638.7	-8390.7	0	0	0	4965.9	-3424.9	4673.2	0	0	0	9575.2	4902	1.3448	1.3477	1.3507	
0.73857	1.9275	0.84099	0.84099	0.12278	11.285	10.618	10.61	-3.1753	1.1274	6.5544e+05	0	0	0	0.53038	0.0093409	0.029756	0.043767	0.18191	0.029467	0.04264	0.086841	0.20622	0.027269	0.03758	0.078483	0.1818	116.83	311.95	63.54	130.74	59.23	119.73	0.0030547	2.6051e+08	0.014001	0.30336	0.30336	7.7675	0.0071259	0.0036402	0.0031979	0.0026673	0.0032656	0.08365	0.19876	0.14899	0.070817	0.012833	0.087553	0.064106	0.1112	0.084889	0.00011073	-11490	2858.7	-8631.4	0	0	0	5065.8	-3565.6	3434.9	0	0	0	9066.6	5631.7	1.3433	1.3452	1.3484	
0.76934	1.8979	0.83174	0.83174	0.11721	10.928	10.301	10.292	-3.5179	1.1235	6.2605e+05	0	0	0	0.48152	0.0081317	0.025799	0.037997	0.15754	0.0258	0.036936	0.075636	0.1792	0.023911	0.032435	0.068302	0.15735	111.7	295.49	62.054	127.02	57.763	116.6	0.0031817	2.5011e+08	0.01422	0.3081	0.3081	7.4192	0.0074648	0.0037918	0.0033314	0.0026243	0.0032127	0.081098	0.19787	0.15001	0.066713	0.014385	0.079684	0.058779	0.11818	0.091235	-0.00069503	-11885	3025.1	-8859.7	0	0	0	5116	-3743.8	2111.1	0	0	0	8513.3	6402.2	1.342	1.3431	1.3465	
0.80012	1.8653	0.82134	0.82134	0.1113	10.549	9.9628	9.9526	-3.8881	1.1193	5.951e+05	0	0	0	0.43186	0.0069521	0.022011	0.032439	0.13441	0.022415	0.031628	0.06525	0.15389	0.020812	0.027671	0.058889	0.13459	107.23	281.63	59.636	121.65	55.559	111.87	0.0033281	2.3911e+08	0.014469	0.31348	0.31348	7.0524	0.0078476	0.0039624	0.0034813	0.0025782	0.003156	0.077721	0.19622	0.15022	0.061682	0.016038	0.071038	0.052776	0.12518	0.097447	-0.00075078	-12321	3133.4	-9187.6	0	0	0	5115.1	-4072.4	691.97	0	0	0	7898.4	7206.4	1.3409	1.3413	1.3448	
0.83089	1.8297	0.80974	0.80974	0.1051	10.149	9.6046	9.5938	-4.2883	1.1149	5.6276e+05	0	0	0	0.38209	0.0058946	0.018626	0.027468	0.11377	0.019424	0.026887	0.056023	0.13117	0.018062	0.023451	0.050544	0.11445	102.09	266.73	56.786	115.68	53.044	106.59	0.0034971	2.2755e+08	0.01475	0.31959	0.31959	6.6691	0.0082872	0.0041574	0.0036525	0.0025287	0.0030952	0.07421	0.19418	0.15015	0.056346	0.017864	0.062362	0.046684	0.13182	0.10347	-0.00069673	-12635	3205.2	-9429.4	0	0	0	5063.8	-4365.6	-826.22	0	0	0	7210	8036.2	1.34	1.3396	1.3433	
0.86167	1.7907	0.79674	0.79674	0.09863	9.7297	9.2279	9.2169	-4.7162	1.1102	5.2919e+05	0	0	0	0.33297	0.0049667	0.015658	0.023109	0.095684	0.016802	0.022745	0.047948	0.11127	0.015669	0.019775	0.043279	0.096918	96.217	250.6	53.696	109.31	50.333	100.99	0.0036924	2.1551e+08	0.015071	0.32653	0.32653	6.2713	0.0087912	0.00438	0.0038477	0.002476	0.0030306	0.0707	0.19166	0.1498	0.050856	0.019843	0.053899	0.040702	0.13776	0.10909	-0.00049108	-12773	3236.3	-9537.1	0	0	0	4964	-4573	-2428	0	0	0	6454.9	8882.9	1.3392	1.3382	1.3419	
0.89244	1.7486	0.78234	0.78234	0.091975	9.2937	8.8348	8.8239	-5.1688	1.1052	4.9473e+05	0	0	0	0.28546	0.0041664	0.013098	0.019347	0.080077	0.014525	0.019168	0.040957	0.094145	0.01363	0.016628	0.037074	0.081922	89.024	231.76	50.467	102.73	47.444	95.212	0.003918	2.0311e+08	0.015434	0.3344	0.3344	5.863	0.0093709	0.0046348	0.0040709	0.0024201	0.0029621	0.067347	0.18865	0.14912	0.04539	0.021957	0.045888	0.03501	0.14276	0.11412	-0.00062637	-12621	3224.7	-9396.2	0	0	0	4819.7	-4576.5	-4081.6	0	0	0	5655.7	9737.3	1.3384	1.3367	1.3406	
0.92321	1.7032	0.76639	0.76639	0.085199	8.8443	8.4283	8.4176	-5.6464	1.1	4.5969e+05	0	0	0	0.24039	0.0034876	0.010921	0.016152	0.066795	0.012575	0.016115	0.034978	0.079579	0.011907	0.013998	0.031859	0.069396	81.242	210.99	47.184	96.13	44.408	89.34	0.0041785	1.9045e+08	0.015846	0.34332	0.34332	5.4477	0.010036	0.0049257	0.0043255	0.0023612	0.0028901	0.064382	0.18522	0.14819	0.040132	0.02425	0.038543	0.02978	0.14667	0.11841	-0.00061909	-12214	3173.2	-9040.4	0	0	0	4635.7	-4404.7	-5745	0	0	0	4845.4	10590	1.3375	1.3353	1.3393	
0.95399	1.6544	0.74884	0.74884	0.078379	8.3852	8.0115	8.001	-6.149	1.0948	4.2444e+05	0	0	0	0.19859	0.0029195	0.0090916	0.013471	0.055616	0.010927	0.013528	0.029918	0.067222	0.010476	0.011836	0.027551	0.059062	73.735	190.53	43.884	89.619	41.249	83.394	0.0044789	1.7767e+08	0.016312	0.35343	0.35343	5.03	0.010799	0.0052577	0.0046161	0.0022996	0.0028146	0.061905	0.18139	0.147	0.035215	0.02669	0.031988	0.025078	0.14941	0.12192	-0.00088433	-11667	3082.3	-8585	0	0	0	4418.4	-4166.6	-7385.8	0	0	0	4047.5	11433	1.3363	1.3338	1.3378	
0.98476	1.6025	0.72964	0.72964	0.071598	7.9204	7.5873	7.5772	-6.6868	1.0894	3.8933e+05	0	0	0	0.16071	0.0024488	0.0075684	0.011242	0.046281	0.0095366	0.011346	0.02565	0.056749	0.0092921	0.010082	0.02402	0.050605	66.057	170.09	40.555	83.175	37.981	77.336	0.0048255	1.6491e+08	0.016841	0.3649	0.3649	4.6139	0.011674	0.0056368	0.0049479	0.0022355	0.0027361	0.060084	0.17717	0.14552	0.030728	0.029356	0.026273	0.020928	0.1509	0.12459	-0.0016029	-10949	2951.8	-7997.4	0	0	0	4174.8	-3822.6	-8976.9	0	0	0	3281	12258	1.3349	1.3319	1.336	
1.0155	1.5472	0.70864	0.70864	0.064933	7.4539	7.159	7.1496	-7.2881	1.0839	3.5467e+05	0	0	0	0.12721	0.0020993	0.0064033	0.0095523	0.03903	0.0084808	0.009615	0.022336	0.048213	0.0084484	0.0089412	0.021614	0.044811	58.49	149.4	37.368	77.353	34.852	72.042	0.0052249	1.5231e+08	0.017444	0.37794	0.37794	4.2032	0.012678	0.0060717	0.005328	0.0021692	0.0026549	0.059387	0.17287	0.14393	0.027142	0.032245	0.021693	0.017556	0.15118	0.12637	-0.0026589	-10085	2802.9	-7282.3	0	0	0	3913.1	-3369.2	-10487	0	0	0	2570.6	13057	1.3331	1.3298	1.3339	
1.0463	1.4887	0.68589	0.68589	0.058455	6.9895	6.7297	6.7218	-7.9945	1.0785	3.2083e+05	0	0	0	0.098373	0.0018125	0.0054372	0.008156	0.032987	0.0076162	0.0083028	0.019727	0.041605	0.0077097	0.0081305	0.019695	0.040703	51.394	130.23	34.012	71.434	31.516	66.455	0.0056855	1.3997e+08	0.018128	0.39278	0.39278	3.8021	0.013825	0.0065681	0.0057608	0.0021009	0.0025715	0.059391	0.16828	0.14208	0.024001	0.03539	0.017829	0.014798	0.15045	0.12728	-0.0022311	-9189.2	2605.5	-6583.6	0	0	0	3639.1	-2944.5	-11896	0	0	0	1928.9	13825	1.3307	1.3272	1.3313	
1.0771	1.427	0.66129	0.66129	0.052206	6.5297	6.3023	6.2962	-8.7892	1.0732	2.8804e+05	0	0	0	0.074177	0.0015723	0.0046267	0.0069852	0.027914	0.0068863	0.0073791	0.017708	0.036912	0.0069707	0.007498	0.017954	0.037742	44.895	112.92	30.502	65.261	28.049	60.453	0.0062185	1.2797e+08	0.018912	0.40977	0.40977	3.4135	0.015133	0.0071329	0.0062521	0.0020308	0.0024861	0.060099	0.16361	0.14011	0.02124	0.038859	0.014586	0.012602	0.14903	0.12751	-3.385e-06	-8308.9	2367.9	-5941	0	0	0	3358.4	-2582.5	-13205	0	0	0	1351.5	14556	1.3279	1.3242	1.3283	
1.1079	1.3622	0.63489	0.63489	0.046225	6.0764	5.879	5.8747	-9.5852	1.0679	2.5654e+05	0	0	0	0.054427	0.0013728	0.0039582	0.0060173	0.023741	0.0062389	0.0067417	0.0161	0.0338	0.0062428	0.0069203	0.016285	0.035415	38.769	96.64	27.041	59.034	24.655	54.283	0.0068385	1.1637e+08	0.019811	0.42925	0.42925	3.0402	0.016629	0.0077759	0.0068112	0.0019593	0.0023988	0.061537	0.15893	0.13802	0.01885	0.042687	0.011912	0.010857	0.14701	0.12716	0.0029856	-7397.5	2115.3	-5282.2	0	0	0	3075.9	-2206.3	-14409	0	0	0	837.75	15247	1.3245	1.3206	1.3247	
1.1386	1.2944	0.60664	0.60664	0.04055	5.6314	5.4618	5.4588	-10.265	1.0627	2.2648e+05	0	0	0	0.038748	0.0012089	0.0034177	0.0052311	0.020394	0.0056516	0.0062341	0.014711	0.031551	0.0055652	0.0063179	0.014666	0.033167	33.057	81.952	23.844	53.047	21.541	48.261	0.0075638	1.0521e+08	0.02085	0.45175	0.45175	2.6839	0.018341	0.008509	0.0074488	0.0018864	0.0023098	0.063697	0.15433	0.13586	0.01681	0.046887	0.0097414	0.0093971	0.14459	0.12646	0.0050435	-6486	1875.8	-4610.2	0	0	0	2795.6	-1814.6	-15499	0	0	0	395.12	15894	1.3205	1.3166	1.3206	
1.1694	1.2238	0.57669	0.57669	0.035222	5.1955	5.0511	5.049	-10.748	1.0576	1.9804e+05	0	0	0	0.026676	0.001075	0.0029854	0.0045979	0.017742	0.0051177	0.0057522	0.013429	0.029533	0.0049671	0.0056866	0.013137	0.030704	27.786	68.729	20.996	47.458	18.8	42.642	0.0084186	9.4525e+07	0.022052	0.47779	0.47779	2.347	0.020316	0.0093519	0.0081827	0.001812	0.0022187	0.066587	0.14988	0.13364	0.01508	0.051507	0.0079889	0.0081008	0.14189	0.12553	0.0058024	-5587.7	1664.5	-3923.2	0	0	0	2520.8	-1402.4	-16462	0	0	0	32.103	16494	1.3159	1.3119	1.3159	
1.2002	1.1506	0.54504	0.54504	0.030272	4.7692	4.6473	4.6457	-11.004	1.0526	1.7133e+05	0	0	0	0.017675	0.00096451	0.0026374	0.0040842	0.015633	0.004639	0.0052576	0.012216	0.027426	0.0044576	0.0050622	0.011749	0.02803	22.972	56.93	18.493	42.328	16.454	37.592	0.0094357	8.4336e+07	0.023455	0.50819	0.50819	2.0304	0.022607	0.010329	0.009034	0.0017359	0.0021256	0.070226	0.14563	0.13142	0.013602	0.056625	0.0065667	0.006925	0.13907	0.12449	0.0060388	-4723.4	1485.7	-3237.7	0	0	0	2254.1	-983.58	-17290	0	0	0	-243.61	17047	1.3108	1.3067	1.3107	
1.231	1.0752	0.5119	0.5119	0.025721	4.3526	4.2504	4.249	-11.023	1.0478	1.4644e+05	0	0	0	0.011208	0.00086967	0.0023491	0.0036536	0.013922	0.0041787	0.004653	0.010921	0.024672	0.0040155	0.0044011	0.010424	0.024809	18.362	45.647	16.288	37.547	14.488	33.108	0.010661	7.4643e+07	0.025099	0.54382	0.54382	1.7355	0.025298	0.011477	0.010035	0.0016579	0.0020302	0.074532	0.1416	0.12916	0.012292	0.062241	0.0053925	0.0057606	0.13621	0.1234	0.0032417	-3852.3	1335	-2517.3	0	0	0	1997.1	-520.25	-17972	0	0	0	-421.26	17550	1.3052	1.3012	1.3051	
1.2617	0.998	0.47743	0.47743	0.021573	3.9455	3.8598	3.8586	-10.915	1.0432	1.2346e+05	0	0	0	0.0067502	0.00078476	0.0020966	0.0032738	0.012446	0.0037331	0.0039992	0.0095989	0.021597	0.0036097	0.0037406	0.0091552	0.021408	14.183	35.427	14.23	32.997	12.71	28.985	0.012159	6.5446e+07	0.027042	0.58591	0.58591	1.4631	0.028505	0.012849	0.011232	0.001578	0.0019323	0.079553	0.13779	0.12694	0.011095	0.068458	0.0044011	0.0046655	0.13339	0.12228	-0.0019807	-3038.6	1195.8	-1842.9	0	0	0	1751	-91.844	-18500	0	0	0	-494.91	18005	1.2995	1.2955	1.2994	
1.2925	0.91943	0.44189	0.44189	0.017821	3.5474	3.4754	3.4743	-10.884	1.0388	1.0245e+05	0	0	0	0.0038239	0.00070453	0.0018575	0.0029143	0.011049	0.0032731	0.0032993	0.008209	0.018299	0.0031936	0.0030433	0.0078338	0.017807	10.596	26.605	12.14	28.372	10.91	24.833	0.014023	5.6746e+07	0.029353	0.63598	0.63598	1.2141	0.032405	0.014526	0.012694	0.0014957	0.0018315	0.085258	0.13421	0.12474	0.0099626	0.075295	0.0035435	0.0036157	0.13067	0.12112	-0.012829	-2326.7	1041.8	-1284.9	0	0	0	1517	232.13	-18887	0	0	0	-477.06	18410	1.2938	1.2899	1.2937	
1.3233	0.84012	0.40561	0.40561	0.014449	3.1577	3.0968	3.0957	-11.355	1.0344	83463	0	0	0	0.0020101	0.00062117	0.0015988	0.0025306	0.0095024	0.0027468	0.0024667	0.006587	0.014396	0.0027186	0.002214	0.0062919	0.013561	7.6723	19.345	9.8214	23.151	8.8823	20.103	0.016392	4.8547e+07	0.032124	0.69601	0.69601	0.9891	0.037276	0.01663	0.014531	0.0014103	0.001727	0.091593	0.13085	0.12256	0.0088179	0.082775	0.0027695	0.0025236	0.12809	0.12004	-0.035729	-1738.8	837.5	-901.28	0	0	0	1295.8	394.48	-19163	0	0	0	-397.37	18766	1.288	1.2842	1.288	
1.354	0.76083	0.36898	0.36898	0.011436	2.7754	2.723	2.7218	-13.226	1.0301	66518	0	0	0	0.00096182	0.0005278	0.001299	0.0020907	0.0076532	0.0021638	0.0014584	0.0047041	0.0095044	0.0022121	0.0012933	0.0046115	0.0087103	5.4107	13.751	7.2042	16.874	6.5916	14.508	0.019482	4.0847e+07	0.035471	0.76854	0.76854	0.7883	0.043577	0.019374	0.016926	0.0013212	0.0016178	0.098466	0.12773	0.1204	0.0076436	0.090822	0.0020662	0.0014064	0.12566	0.11899	-0.072828	-1282.3	554.75	-727.53	0	0	0	1087.9	360.36	-19374	0	0	0	-299.6	19075	1.2824	1.2787	1.2824	
1.3848	0.68253	0.3325	0.3325	0.0087669	2.3995	2.3535	2.3526	-17.953	1.0257	51641	0	0	0	0.00040793	0.00041968	0.00095957	0.0015891	0.0055649	0.0017094	0.00065167	0.0032157	0.0052661	0.001831	0.00066201	0.0034085	0.0053237	3.9127	9.8484	4.7837	10.656	4.6075	9.8982	0.023649	3.365e+07	0.039541	0.85671	0.85671	0.61199	0.052126	0.023125	0.020197	0.0012272	0.0015027	0.10569	0.12483	0.11834	0.006451	0.099236	0.0014514	0.00062288	0.12337	0.11772	-0.10357	-991.09	252.81	-738.28	0	0	0	893.85	155.57	-19568	0	0	0	-231.59	19337	1.2771	1.2734	1.277	
1.4156	0.60637	0.29675	0.29675	0.0064298	2.0292	1.9892	1.9886	-26.744	1.0212	38831	0	0	0	0.00014754	0.00030324	0.00061896	0.0010738	0.0035157	0.0014739	0.00032407	0.002535	0.003536	0.0016271	0.00042403	0.0028647	0.0040655	2.9563	6.9271	3.1759	7.3678	3.1807	7.3905	0.02952	2.6957e+07	0.044507	0.96433	0.96433	0.46018	0.064485	0.028559	0.024931	0.0011272	0.0013804	0.11281	0.12214	0.11644	0.0052	0.10761	0.00093745	0.00028608	0.1212	0.11616	-0.11248	-843.81	45.452	-798.35	0	0	0	713.91	-84.44	-19776	0	0	0	-222.31	19554	1.272	1.2684	1.2719	
1.4464	0.53372	0.26245	0.26245	0.0044139	1.6633	1.6299	1.6298	-39.951	1.0165	28045	0	0	0	4.2654e-05	0.00020368	0.00036596	0.00067147	0.0020546	0.001341	0.00020459	0.002216	0.0029362	0.0015025	0.00028217	0.002536	0.0034713	2.1777	4.5027	2.0315	5.0184	2.1873	5.1101	0.038269	2.0794e+07	0.050565	1.0956	1.0956	0.33236	0.083958	0.037102	0.032367	0.0010196	0.0012487	0.11928	0.11969	0.11465	0.0040799	0.1152	0.00057768	0.00013141	0.11911	0.11452	-0.1119	-747.25	-116.78	-864.03	0	0	0	548.82	-315.21	-20006	0	0	0	-277.78	19728	1.2672	1.2638	1.2672	
1.4771	0.46615	0.23038	0.23038	0.0026923	1.3009	1.2747	1.2752	-57.555	1.0116	19183	0	0	0	8.7326e-06	0.00012794	0.00018831	0.00038022	0.0010891	0.0012955	6.7951e-05	0.0020112	0.0023628	0.0016104	0.00015937	0.0025749	0.0028734	1.406	2.3291	1.5529	3.7109	2.9797	6.2175	0.052398	1.5187e+07	0.057896	1.2544	1.2544	0.22733	0.11878	0.052317	0.0456	0.00090109	0.0011038	0.12353	0.11745	0.11304	0.0029371	0.12059	0.00032104	-4.4165e-05	0.11713	0.11308	-0.1372	-566.92	-448.71	-1015.6	0	0	0	399.31	-616.32	-20270	0	0	0	-409.35	19861	1.2628	1.2595	1.2628	
1.5079	0.40552	0.20153	0.20153	0.0012314	0.94071	0.92221	0.92241	-80.547	1.0061	12086	0	0	0	9.6867e-07	8.0524e-05	8.1661e-05	0.00020245	0.00054227	0.0014541	0.00017769	0.0023588	0.0024737	0.001837	0.00065613	0.0034117	0.0044651	0.85566	1.4348	2.3022	5.8735	3.5759	10.99	0.078081	1.0192e+07	0.066551	1.4419	1.4419	0.14323	0.1948	0.085426	0.074449	0.000766	0.00093825	0.12309	0.11541	0.11159	0.0018315	0.12126	0.00015657	-0.00038379	0.11526	0.11197	-0.21564	-373.81	-908.28	-1282.1	0	0	0	267.05	-1015	-20601	0	0	0	-644.24	19957	1.2589	1.2556	1.2588	
1.5387	0.354	0.177	0.177	1.4014e-06	0.58189	0.57058	0.57067	-112	1	6536.7	0	0	0	2.7661e-08	5.5777e-05	1.2624e-05	9.6289e-05	0.00020226	0.0013998	0.00039257	0.0024923	0.0036833	0.0015644	0.00053811	0.0028847	0.0046569	0.36146	0.69669	0.42248	3.4309	-0.8872	1.3133	0.13518	5.8866e+06	0.076237	1.6518	1.6518	0.077465	0.43363	0.18932	0.16495	0.00060223	0.00073763	0.11664	0.11177	0.10938	0.00028209	0.11636	4.1741e-05	-5.9482e-05	0.11173	0.10944	-2.2555e-05	-967.4	1246.7	279.29	0	0	0	267.05	546.34	-20746	0	0	0	-710.66	20035	1.2554	1.2522	1.2553	
