% N=  86
%           r           Er
   4.0376E-02  -9.0724E-02
   4.0376E-02   1.2626E-01
   4.0376E-02   5.0642E-01
   8.0752E-02  -1.7931E-01
   8.0752E-02   2.4902E-01
   8.0752E-02   1.0268E+00
   1.2113E-01  -2.6842E-01
   1.2113E-01   3.7449E-01
   1.2113E-01   1.5555E+00
   1.6150E-01  -3.5976E-01
   1.6150E-01   5.0616E-01
   1.6150E-01   2.0926E+00
   2.0188E-01  -4.5593E-01
   2.0188E-01   6.4976E-01
   2.0188E-01   2.6339E+00
   2.4226E-01  -5.5747E-01
   2.4226E-01   8.0741E-01
   2.4226E-01   3.1836E+00
   2.8263E-01  -6.6310E-01
   2.8263E-01   9.7935E-01
   2.8263E-01   3.7291E+00
   3.2301E-01  -7.7541E-01
   3.2301E-01   1.1717E+00
   3.2301E-01   4.2711E+00
   3.6339E-01  -8.9696E-01
   3.6339E-01   1.3892E+00
   3.6339E-01   4.8165E+00
   4.0376E-01  -1.0235E+00
   4.0376E-01   1.6295E+00
   4.0376E-01   5.3432E+00
   4.4414E-01  -1.1550E+00
   4.4414E-01   1.8954E+00
   4.4414E-01   5.8426E+00
   4.8451E-01  -1.2928E+00
   4.8451E-01   2.1912E+00
   4.8451E-01   6.3177E+00
   5.2489E-01  -1.4311E+00
   5.2489E-01   2.5098E+00
   5.2489E-01   6.6902E+00
   5.6527E-01  -1.5661E+00
   5.6527E-01   2.8463E+00
   5.6527E-01   6.9378E+00
   6.0564E-01  -1.7004E+00
   6.0564E-01   3.2141E+00
   6.0564E-01   7.0759E+00
   6.4602E-01  -1.8390E+00
   6.4602E-01   3.6503E+00
   6.4602E-01   7.0864E+00
   6.8640E-01  -1.9846E+00
   6.8640E-01   4.2083E+00
   6.8640E-01   6.9406E+00
   7.2677E-01  -2.1409E+00
   7.2677E-01   5.0698E+00
   7.2677E-01   6.4551E+00
   7.6715E-01  -2.3192E+00
   8.0752E-01  -2.5401E+00
   8.4790E-01  -2.7879E+00
   8.8828E-01  -3.0641E+00
   9.2865E-01  -3.3625E+00
   9.6903E-01  -3.6801E+00
   1.0094E+00  -4.0156E+00
   1.0498E+00  -4.3380E+00
   1.0902E+00  -4.6702E+00
   1.1305E+00  -5.0099E+00
   1.1709E+00  -5.3556E+00
   1.2113E+00  -5.7057E+00
   1.2517E+00  -6.0557E+00
   1.2920E+00  -6.3850E+00
   1.3324E+00  -6.7135E+00
   1.3728E+00  -7.0546E+00
   1.4132E+00  -7.4170E+00
   1.4535E+00  -7.8080E+00
   1.4939E+00  -8.2520E+00
   1.5343E+00  -8.7744E+00
   1.5747E+00  -9.3848E+00
   1.6150E+00  -1.0069E+01
   1.6554E+00  -1.0828E+01
   1.6958E+00  -1.1636E+01
   1.7362E+00  -1.2451E+01
   1.7766E+00  -1.3221E+01
   1.8169E+00  -1.3890E+01
   1.8573E+00  -1.4424E+01
   1.8977E+00  -1.4754E+01
   1.9381E+00  -1.4692E+01
   1.9784E+00  -1.3719E+01
   2.0188E+00  -1.0725E+01
