% N=  51
%           r   D11e,m^2/s         D12e         D21e         D22e         D31e         D32e         D11D         D12D         D21D         D22D         D31D         D32D         D11T         D12T         D21T         D22T         D31T         D32T        D11He        D12He        D21He        D22He        D31He        D32He
   0.0000E+00   1.2542E-02   3.3683E-02   5.2496E-02   1.8732E-01  -2.9755E+02  -7.6339E+02   8.2823E-03   8.3368E-03   2.0760E-02   5.0394E-02   5.1208E+01   1.7977E+02   8.3796E-03   8.4405E-03   2.1010E-02   5.0783E-02   3.0078E+01   1.6206E+02   4.9525E-03   2.5793E-03   1.0008E-02   1.8080E-02   1.3276E+00   1.1712E+01
   4.0376E-02   1.2552E-02   3.3704E-02   5.2532E-02   1.8732E-01  -3.0544E+02  -7.8090E+02   8.2485E-03   8.0476E-03   2.0420E-02   4.7516E-02   5.3160E+01   1.8404E+02   8.3465E-03   8.1536E-03   2.0673E-02   4.7996E-02   3.2109E+01   1.6637E+02   4.9568E-03   2.5771E-03   1.0012E-02   1.8069E-02   1.6782E+00   1.2755E+01
   8.0752E-02   1.2499E-02   3.3429E-02   5.2178E-02   1.8514E-01  -3.3336E+02  -8.3837E+02   8.1508E-03   7.6732E-03   1.9899E-02   4.4456E-02   5.9316E+01   1.9909E+02   8.2473E-03   7.7528E-03   2.0124E-02   4.4900E-02   3.8061E+01   1.7993E+02   4.9466E-03   2.5287E-03   9.9485E-03   1.7854E-02   2.5978E+00   1.5294E+01
   1.2113E-01   1.2484E-02   3.3302E-02   5.2029E-02   1.8390E-01  -3.7894E+02  -9.3593E+02   8.0909E-03   7.4360E-03   1.9572E-02   4.2764E-02   7.0024E+01   2.2327E+02   8.1893E-03   7.4736E-03   1.9757E-02   4.3058E-02   4.8843E+01   2.0330E+02   4.9545E-03   2.4876E-03   9.9193E-03   1.7675E-02   4.4380E+00   2.0595E+01
   1.6150E-01   1.2494E-02   3.3270E-02   5.2011E-02   1.8325E-01  -4.3922E+02  -1.0653E+03   8.0515E-03   7.2472E-03   1.9324E-02   4.1573E-02   8.4536E+01   2.5493E+02   8.1561E-03   7.2327E-03   1.9467E-02   4.1642E-02   6.3531E+01   2.3463E+02   4.9767E-03   2.4504E-03   9.9154E-03   1.7514E-02   7.0322E+00   2.8175E+01
   2.0188E-01   1.2530E-02   3.3346E-02   5.2142E-02   1.8331E-01  -5.1233E+02  -1.2250E+03   8.0362E-03   7.0986E-03   1.9153E-02   4.0745E-02   1.0221E+02   2.9268E+02   8.1518E-03   7.0272E-03   1.9255E-02   4.0544E-02   8.1547E+01   2.7257E+02   5.0141E-03   2.4213E-03   9.9424E-03   1.7392E-02   1.0308E+01   3.7771E+01
   2.4226E-01   1.2585E-02   3.3485E-02   5.2363E-02   1.8378E-01  -5.9512E+02  -1.4064E+03   8.0372E-03   6.9726E-03   1.9028E-02   4.0146E-02   1.2223E+02   3.3480E+02   8.1696E-03   6.8441E-03   1.9098E-02   3.9665E-02   1.0197E+02   3.1520E+02   5.0633E-03   2.3974E-03   9.9923E-03   1.7293E-02   1.4094E+01   4.8845E+01
   2.8263E-01   1.2653E-02   3.3715E-02   5.2694E-02   1.8500E-01  -6.8592E+02  -1.6073E+03   8.0758E-03   6.8986E-03   1.9012E-02   3.9890E-02   1.4435E+02   3.8027E+02   8.2272E-03   6.7133E-03   1.9054E-02   3.9114E-02   1.2463E+02   3.6169E+02   5.1306E-03   2.3922E-03   1.0088E-02   1.7281E-02   1.8420E+01   6.1310E+01
   3.2301E-01   1.2749E-02   3.4052E-02   5.3176E-02   1.8693E-01  -7.8199E+02  -1.8215E+03   8.1488E-03   6.8702E-03   1.9093E-02   3.9922E-02   1.6777E+02   4.2748E+02   8.3201E-03   6.6291E-03   1.9109E-02   3.8844E-02   1.4877E+02   4.1018E+02   5.2139E-03   2.4046E-03   1.0225E-02   1.7351E-02   2.3213E+01   7.4658E+01
   3.6339E-01   1.2868E-02   3.4461E-02   5.3763E-02   1.8932E-01  -8.8057E+02  -2.0425E+03   8.2516E-03   6.8806E-03   1.9258E-02   4.0182E-02   1.9174E+02   4.7491E+02   8.4429E-03   6.5862E-03   1.9251E-02   3.8811E-02   1.7358E+02   4.5897E+02   5.3101E-03   2.4335E-03   1.0399E-02   1.7498E-02   2.8197E+01   8.8292E+01
   4.0376E-01   1.3039E-02   3.5062E-02   5.4621E-02   1.9296E-01  -9.8098E+02  -2.2713E+03   8.4174E-03   6.9859E-03   1.9612E-02   4.0938E-02   2.1614E+02   5.2202E+02   8.6169E-03   6.6325E-03   1.9558E-02   3.9241E-02   1.9942E+02   5.0742E+02   5.4283E-03   2.4978E-03   1.0640E-02   1.7813E-02   3.3601E+01   1.0210E+02
   4.4414E-01   1.3281E-02   3.5918E-02   5.5838E-02   1.9822E-01  -1.0823E+03  -2.5075E+03   8.6729E-03   7.2337E-03   2.0243E-02   4.2412E-02   2.4064E+02   5.6814E+02   8.8553E-03   6.8045E-03   2.0087E-02   4.0316E-02   2.2627E+02   5.5450E+02   5.5752E-03   2.6124E-03   1.0975E-02   1.8372E-02   3.9466E+01   1.1566E+02
   4.8451E-01   1.3664E-02   3.7220E-02   5.7716E-02   2.0607E-01  -1.1841E+03  -2.7530E+03   9.0631E-03   7.6995E-03   2.1294E-02   4.4972E-02   2.6497E+02   6.1306E+02   9.1832E-03   7.1625E-03   2.0937E-02   4.2341E-02   2.5420E+02   5.9935E+02   5.7634E-03   2.8028E-03   1.1448E-02   1.9300E-02   4.5854E+01   1.2856E+02
   5.2489E-01   1.4255E-02   3.9369E-02   6.0752E-02   2.1977E-01  -1.2870E+03  -3.0238E+03   9.8572E-03   8.8103E-03   2.3596E-02   5.0685E-02   2.8905E+02   6.5646E+02   9.7918E-03   8.1014E-03   2.2789E-02   4.7266E-02   2.8373E+02   6.4061E+02   6.0718E-03   3.2272E-03   1.2335E-02   2.1351E-02   5.2994E+01   1.3995E+02
   5.6527E-01   1.5247E-02   4.3084E-02   6.5954E-02   2.4391E-01  -1.3976E+03  -3.3477E+03   1.1528E-02   1.1140E-02   2.8432E-02   6.2150E-02   3.1405E+02   7.0466E+02   1.1103E-02   1.0198E-02   2.6852E-02   5.7930E-02   3.1371E+02   6.8570E+02   6.6859E-03   4.1585E-03   1.4187E-02   2.5817E-02   6.0135E+01   1.5084E+02
   6.0564E-01   1.6739E-02   4.9036E-02   7.4145E-02   2.8379E-01  -1.5300E+03  -3.7763E+03   1.5452E-02   1.6390E-02   3.9567E-02   8.7630E-02   3.4606E+02   7.7202E+02   1.4346E-02   1.4895E-02   3.6414E-02   8.1077E-02   3.4779E+02   7.5236E+02   8.1609E-03   6.3752E-03   1.8617E-02   3.6424E-02   6.7796E+01   1.6495E+02
   6.4602E-01   1.8766E-02   5.8050E-02   8.6198E-02   3.4819E-01  -1.6763E+03  -4.3147E+03   2.7133E-02   3.1449E-02   7.2149E-02   1.6031E-01   4.0033E+02   8.7667E+02   2.4473E-02   2.8380E-02   6.5090E-02   1.4651E-01   3.9869E+02   8.6112E+02   1.2630E-02   1.3136E-02   3.2080E-02   6.8375E-02   8.3192E+01   1.9027E+02
   6.8640E-01   2.0836E-02   6.8148E-02   9.9402E-02   4.2508E-01  -1.7792E+03  -4.7415E+03   8.1689E-02   1.0990E-01   2.3243E-01   5.3372E-01   5.4096E+02   1.0634E+03   7.2759E-02   9.4802E-02   2.0394E-01   4.6642E-01   5.1939E+02   1.0413E+03   3.0963E-02   4.4898E-02   9.1342E-02   2.2126E-01   1.3833E+02   2.7045E+02
   7.2677E-01   2.1755E-02   7.2582E-02   1.0521E-01   4.6050E-01  -1.8171E+03  -4.8594E+03   2.2350E+00   6.9195E+00   1.0272E+01   4.1601E+01   3.1247E+03   7.3756E+03   2.7639E+00   8.2306E+00   1.2376E+01   4.8500E+01   3.2451E+03   7.3634E+03   2.5666E-01   7.9542E-01   1.1804E+00   4.8956E+00   5.4542E+02   1.4349E+03
   7.6715E-01   2.1753E-02   7.2018E-02   1.0465E-01   4.5368E-01  -1.8599E+03  -4.9333E+03   1.6538E-01   2.4885E-01   4.9692E-01   1.1903E+00   7.5613E+02   1.3494E+03   1.5022E-01   2.1729E-01   4.4262E-01   1.0457E+00   6.9507E+02   1.2623E+03   5.3781E-02   9.2909E-02   1.7358E-01   4.6087E-01   2.1261E+02   4.0122E+02
   8.0752E-01   2.0866E-02   6.7953E-02   9.9252E-02   4.2279E-01  -1.8837E+03  -4.9248E+03   9.0412E-02   1.2521E-01   2.6083E-01   6.0592E-01   6.2708E+02   1.1740E+03   8.1430E-02   1.0855E-01   2.3070E-01   5.3010E-01   5.9677E+02   1.1352E+03   3.3219E-02   4.9700E-02   9.9528E-02   2.4577E-01   1.6566E+02   3.2299E+02
   8.4790E-01   2.0086E-02   6.4735E-02   9.4863E-02   3.9990E-01  -1.9009E+03  -4.9074E+03   7.1843E-02   9.6293E-02   2.0406E-01   4.6832E-01   6.0323E+02   1.1414E+03   6.4716E-02   8.4412E-02   1.8149E-01   4.1365E-01   5.7604E+02   1.1017E+03   2.7592E-02   3.9080E-02   8.0468E-02   1.9346E-01   1.5543E+02   3.0908E+02
   8.8828E-01   1.9380E-02   6.2084E-02   9.1154E-02   3.8195E-01  -1.9132E+03  -4.8847E+03   6.4222E-02   8.5294E-02   1.8163E-01   4.1562E-01   5.9835E+02   1.1282E+03   5.7922E-02   7.5306E-02   1.6219E-01   3.6984E-01   5.7113E+02   1.0819E+03   2.4940E-02   3.4587E-02   7.1997E-02   1.7212E-01   1.5379E+02   3.0769E+02
   9.2865E-01   1.8699E-02   5.9677E-02   8.7726E-02   3.6623E-01  -1.9194E+03  -4.8502E+03   6.0014E-02   7.9821E-02   1.6984E-01   3.8954E-01   5.9895E+02   1.1178E+03   5.4288E-02   7.0749E-02   1.5218E-01   3.4827E-01   5.7131E+02   1.0662E+03   2.3390E-02   3.2055E-02   6.7140E-02   1.6041E-01   1.5511E+02   3.1033E+02
   9.6903E-01   1.8030E-02   5.7385E-02   8.4431E-02   3.5158E-01  -1.9193E+03  -4.8012E+03   5.7149E-02   7.6356E-02   1.6208E-01   3.7326E-01   6.0099E+02   1.1063E+03   5.1867E-02   6.7831E-02   1.4563E-01   3.3461E-01   5.7303E+02   1.0512E+03   2.2292E-02   3.0289E-02   6.3727E-02   1.5233E-01   1.5751E+02   3.1432E+02
   1.0094E+00   1.7385E-02   5.5196E-02   8.1273E-02   3.3776E-01  -1.9132E+03  -4.7379E+03   5.4840E-02   7.3675E-02   1.5594E-01   3.6109E-01   6.0303E+02   1.0928E+03   4.9954E-02   6.5548E-02   1.4048E-01   3.2414E-01   5.7489E+02   1.0362E+03   2.1397E-02   2.8857E-02   6.0953E-02   1.4573E-01   1.6021E+02   3.1853E+02
   1.0498E+00   1.6968E-02   5.3613E-02   7.9065E-02   3.2723E-01  -1.9128E+03  -4.6902E+03   5.3325E-02   7.1976E-02   1.5196E-01   3.5331E-01   6.0934E+02   1.0847E+03   4.8675E-02   6.4049E-02   1.3706E-01   3.1693E-01   5.8088E+02   1.0288E+03   2.0784E-02   2.7951E-02   5.9127E-02   1.4147E-01   1.6443E+02   3.2534E+02
   1.0902E+00   1.6577E-02   5.2111E-02   7.6977E-02   3.1727E-01  -1.9054E+03  -4.6260E+03   5.1912E-02   7.0339E-02   1.4821E-01   3.4577E-01   6.1416E+02   1.0745E+03   4.7462E-02   6.2603E-02   1.3380E-01   3.0981E-01   5.8525E+02   1.0200E+03   2.0215E-02   2.7133E-02   5.7455E-02   1.3755E-01   1.6821E+02   3.3114E+02
   1.1305E+00   1.6210E-02   5.0676E-02   7.4991E-02   3.0778E-01  -1.8906E+03  -4.5446E+03   5.0551E-02   6.8683E-02   1.4451E-01   3.3804E-01   6.1832E+02   1.0645E+03   4.6283E-02   6.1156E-02   1.3058E-01   3.0254E-01   5.8748E+02   1.0089E+03   1.9671E-02   2.6373E-02   5.5880E-02   1.3384E-01   1.7148E+02   3.3604E+02
   1.1709E+00   1.5861E-02   4.9285E-02   7.3077E-02   2.9859E-01  -1.8680E+03  -4.4442E+03   4.9212E-02   6.6958E-02   1.4078E-01   3.2985E-01   6.1931E+02   1.0497E+03   4.5120E-02   5.9675E-02   1.2735E-01   2.9499E-01   5.8724E+02   9.9493E+02   1.9143E-02   2.5645E-02   5.4360E-02   1.3024E-01   1.7400E+02   3.3936E+02
   1.2113E+00   1.5529E-02   4.7929E-02   7.1222E-02   2.8962E-01  -1.8280E+03  -4.2893E+03   4.7881E-02   6.5136E-02   1.3696E-01   3.2092E-01   6.1893E+02   1.0352E+03   4.3975E-02   5.8162E-02   1.2412E-01   2.8723E-01   5.8438E+02   9.7739E+02   1.8631E-02   2.4938E-02   5.2884E-02   1.2673E-01   1.7572E+02   3.4081E+02
   1.2517E+00   1.5211E-02   4.6605E-02   6.9422E-02   2.8082E-01  -1.7897E+03  -4.1516E+03   4.6575E-02   6.3277E-02   1.3314E-01   3.1177E-01   6.1490E+02   1.0142E+03   4.2888E-02   5.6620E-02   1.2095E-01   2.7906E-01   5.7899E+02   9.5631E+02   1.8145E-02   2.4256E-02   5.1474E-02   1.2333E-01   1.7668E+02   3.4068E+02
   1.2920E+00   1.5021E-02   4.5653E-02   6.8184E-02   2.7427E-01  -1.7421E+03  -3.9733E+03   4.5563E-02   6.1472E-02   1.2982E-01   3.0292E-01   6.0892E+02   9.8774E+02   4.2312E-02   5.5326E-02   1.1879E-01   2.7236E-01   5.7183E+02   9.2787E+02   1.7866E-02   2.3725E-02   5.0524E-02   1.2060E-01   1.7764E+02   3.3954E+02
   1.3324E+00   1.4865E-02   4.4784E-02   6.7081E-02   2.6810E-01  -1.6958E+03  -3.8135E+03   4.4609E-02   5.9537E-02   1.2645E-01   2.9338E-01   5.9998E+02   9.5584E+02   4.1927E-02   5.4057E-02   1.1695E-01   2.6580E-01   5.6261E+02   8.9583E+02   1.7660E-02   2.3227E-02   4.9717E-02   1.1798E-01   1.7788E+02   3.3685E+02
   1.3728E+00   1.4674E-02   4.3791E-02   6.5802E-02   2.6108E-01  -1.6433E+03  -3.6438E+03   4.3559E-02   5.7390E-02   1.2273E-01   2.8270E-01   5.8756E+02   9.1962E+02   4.1527E-02   5.2700E-02   1.1499E-01   2.5881E-01   5.5087E+02   8.6201E+02   1.7438E-02   2.2683E-02   4.8839E-02   1.1510E-01   1.7693E+02   3.3212E+02
   1.4132E+00   1.4413E-02   4.2588E-02   6.4208E-02   2.5272E-01  -1.5834E+03  -3.4584E+03   4.2351E-02   5.5001E-02   1.1853E-01   2.7074E-01   5.7194E+02   8.8188E+02   4.1027E-02   5.1204E-02   1.1274E-01   2.5116E-01   5.3623E+02   8.2649E+02   1.7161E-02   2.2053E-02   4.7794E-02   1.1180E-01   1.7454E+02   3.2496E+02
   1.4535E+00   1.4045E-02   4.1081E-02   6.2149E-02   2.4258E-01  -1.5173E+03  -3.2675E+03   4.0939E-02   5.2318E-02   1.1373E-01   2.5688E-01   5.5236E+02   8.4005E+02   4.0338E-02   4.9464E-02   1.0997E-01   2.4189E-01   5.1846E+02   7.8946E+02   1.6799E-02   2.1312E-02   4.6510E-02   1.0794E-01   1.7059E+02   3.1531E+02
   1.4939E+00   1.3523E-02   3.9146E-02   5.9430E-02   2.2991E-01  -1.4417E+03  -3.0597E+03   3.9210E-02   4.9332E-02   1.0815E-01   2.4184E-01   5.2854E+02   7.9603E+02   3.9316E-02   4.7464E-02   1.0644E-01   2.3185E-01   4.9640E+02   7.4942E+02   1.6293E-02   2.0392E-02   4.4831E-02   1.0322E-01   1.6476E+02   3.0259E+02
   1.5343E+00   1.2734E-02   3.6505E-02   5.5606E-02   2.1331E-01  -1.3533E+03  -2.8307E+03   3.6935E-02   4.5945E-02   1.0135E-01   2.2493E-01   4.9887E+02   7.4819E+02   3.7562E-02   4.4929E-02   1.0127E-01   2.1943E-01   4.6898E+02   7.0696E+02   1.5499E-02   1.9155E-02   4.2403E-02   9.7047E-02   1.5642E+02   2.8579E+02
   1.5747E+00   1.1670E-02   3.3161E-02   5.0666E-02   1.9292E-01  -1.2518E+03  -2.5818E+03   3.4071E-02   4.2153E-02   9.3259E-02   2.0630E-01   4.6335E+02   6.9586E+02   3.4970E-02   4.1737E-02   9.4192E-02   2.0417E-01   4.3502E+02   6.5724E+02   1.4395E-02   1.7568E-02   3.9161E-02   8.9290E-02   1.4567E+02   2.6497E+02
   1.6150E+00   1.0429E-02   2.9397E-02   4.5041E-02   1.7041E-01  -1.1414E+03  -2.3228E+03   3.0840E-02   3.8058E-02   8.4319E-02   1.8636E-01   4.2361E+02   6.3909E+02   3.1863E-02   3.8044E-02   8.5838E-02   1.8676E-01   3.9719E+02   6.0269E+02   1.3117E-02   1.5767E-02   3.5443E-02   8.0515E-02   1.3335E+02   2.4143E+02
   1.6554E+00   9.0423E-03   2.5307E-02   3.8870E-02   1.4632E-01  -1.0228E+03  -2.0568E+03   2.7278E-02   3.3675E-02   7.4591E-02   1.6555E-01   3.8004E+02   5.7724E+02   2.8275E-02   3.3780E-02   7.6193E-02   1.6660E-01   3.5563E+02   5.4084E+02   1.1692E-02   1.3776E-02   3.1314E-02   7.0821E-02   1.1973E+02   2.1561E+02
   1.6958E+00   7.5663E-03   2.1047E-02   3.2397E-02   1.2152E-01  -8.9818E+02  -1.7890E+03   2.3481E-02   2.9018E-02   6.4240E-02   1.4364E-01   3.3356E+02   5.0970E+02   2.4339E-02   2.9044E-02   6.5553E-02   1.4438E-01   3.1195E+02   4.7355E+02   1.0174E-02   1.1661E-02   2.6921E-02   6.0503E-02   1.0531E+02   1.8850E+02
   1.7362E+00   6.0702E-03   1.6804E-02   2.5910E-02   9.7006E-02  -7.6774E+02  -1.5192E+03   1.9595E-02   2.4170E-02   5.3563E-02   1.2081E-01   2.8571E+02   4.3764E+02   2.0253E-02   2.3969E-02   5.4349E-02   1.2031E-01   2.6787E+02   4.0365E+02   8.6314E-03   9.5101E-03   2.2457E-02   4.9961E-02   9.0617E+01   1.6117E+02
   1.7766E+00   4.6304E-03   1.2771E-02   1.9717E-02   7.3821E-02  -6.3482E+02  -1.2548E+03   1.5788E-02   1.9286E-02   4.2968E-02   9.7665E-02   2.3832E+02   3.6407E+02   1.6254E-02   1.8844E-02   4.3225E-02   9.5696E-02   2.2470E+02   3.3444E+02   7.1412E-03   7.4275E-03   1.8139E-02   3.9684E-02   7.6092E+01   1.3467E+02
   1.8169E+00   3.3227E-03   9.1351E-03   1.4119E-02   5.2963E-02  -5.0606E+02  -1.0078E+03   1.2253E-02   1.4595E-02   3.2974E-02   7.5144E-02   1.9306E+02   2.9272E+02   1.2578E-02   1.4015E-02   3.2882E-02   7.2146E-02   1.8330E+02   2.6922E+02   5.7770E-03   5.5211E-03   1.4187E-02   3.0200E-02   6.2008E+01   1.0972E+02
   1.8573E+00   2.2041E-03   6.0337E-03   9.3399E-03   3.5182E-02  -3.8061E+02  -7.7045E+02   9.1479E-03   1.0348E-02   2.4070E-02   5.4433E-02   1.5113E+02   2.2721E+02   9.4020E-03   9.7926E-03   2.3896E-02   5.1321E-02   1.4459E+02   2.1048E+02   4.5913E-03   3.8736E-03   1.0761E-02   2.1920E-02   4.8482E+01   8.6505E+01
   1.8977E+00   1.3204E-03   3.5702E-03   5.5508E-03   2.1024E-02  -2.6548E+02  -5.5598E+02   6.5993E-03   6.7889E-03   1.6688E-02   3.6832E-02   1.1276E+02   1.6980E+02   6.8349E-03   6.3862E-03   1.6638E-02   3.4448E-02   1.0882E+02   1.5929E+02   3.6201E-03   2.5507E-03   7.9808E-03   1.5179E-02   3.5602E+01   6.4886E+01
   1.9381E+00   6.8755E-04   1.7853E-03   2.8166E-03   1.0697E-02  -1.6314E+02  -3.6051E+02   4.6677E-03   4.0749E-03   1.1076E-02   2.3274E-02   7.8154E+01   1.2102E+02   4.8964E-03   3.8593E-03   1.1204E-02   2.1949E-02   7.6054E+01   1.1533E+02   2.8734E-03   1.5803E-03   5.8903E-03   1.0140E-02   2.3611E+01   4.4674E+01
   1.9784E+00   2.9762E-04   6.6403E-04   1.1105E-03   4.1193E-03  -7.9097E+01  -1.8804E+02   3.3508E-03   2.2220E-03   7.2482E-03   1.3925E-02   4.6892E+01   7.8277E+01   3.5537E-03   2.1384E-03   7.4690E-03   1.3406E-02   4.6101E+01   7.5947E+01   2.3490E-03   9.4300E-04   4.4665E-03   6.7955E-03   1.3045E+01   2.6080E+01
   2.0188E+00   1.1253E-04   1.1255E-04   2.8135E-04   8.2693E-04  -2.0474E+01  -5.4061E+01   2.5582E-03   1.0932E-03   4.9305E-03   8.0255E-03   1.9102E+01   3.7124E+01   2.7448E-03   1.0815E-03   5.1987E-03   7.9554E-03   1.8074E+01   3.4450E+01   2.0294E-03   5.4483E-04   3.5889E-03   4.8266E-03   4.4358E+00   1.0109E+01
