%(1)r,m	(2)ne,10^20/m^3	(3)nD,10^20/m^3	(4)nT,10^20/m^3	(5)nHe,10^20/m^3	(6)Te,keV	(7)TD,keV	(8)TT,keV	(9)Er,kV/m	(10)Zeff	(11)pressure,Pa	(12)PNBIe	(13)PNBIi	(14)PECRH	(15)Palpha	(16)D11e,m^2/s	(17)D12e	(18)D21e	(19)D22e	(20)D11D	(21)D12D	(22)D21D	(23)D22D	(24)D11T	(25)D12T	(26)D21T	(27)D22T	(28)D31e	(29)D32e	(30)D31D	(31)D32D	(32)D31T	(33)D32T	(34)Dpsi	(35)Sigma,A/V/m	(36)DeAno	(37)XeAno	(38)XiAno	(39)beta	(40)Nue	(41)NuD	(42)NuT	(43)roStarD	(44)roStarT	(45)FluxN	(46)FluxQe	(47)FluxQi	(48)FluxNeo	(49)FluxAno	(50)FluxQeNeo	(51)FluxQiNeo	(52)FluxQeAno	(53)FluxQiAno	(54)AmbiFlux	(55)J_bse,A/m^2	(56)J_bsi	(57)J_bs,A/m^2	(58)J_eccd	(59)J_nbcd	(60)J_cd	(61)J_ohm	(62)J_tor	(63)I_bs,A	(64)I_eccd	(65)I_nbcd	(66)I_cd	(67)I_tor	(68)I_ohm	(69)iotaCF	(70)iotaBS	(71)iota	
0	1.9999	0.99996	0.99996	1e-06	20	20	20	0	1	1.2817e+06	0	0	0	2.437	0.012542	0.033683	0.052496	0.18732	0.0082823	0.0083368	0.02076	0.050394	0.0083796	0.0084405	0.02101	0.050783	-297.55	-763.39	51.208	179.77	30.078	162.06	0.00059424	1.3391e+09	0.032919	0.71325	0.71325	16.313	0.0024759	0.0010396	0.00090593	0.003253	0.0039841	0.00048152	0.0059169	0.0062854	0.00042113	6.0394e-05	0.0010146	0.00071037	0.0049023	0.005575	3.589e-05	0	0	0	0	0	0	-284.25	-284.25	0	0	0	0	0	0	0.94778	0.94945	0.94778	
0.040376	1.9999	0.99994	0.99994	1e-06	19.996	19.995	19.995	0.50676	1	1.2814e+06	0	0	0	2.4361	0.012552	0.033704	0.052532	0.18732	0.0082485	0.0080476	0.02042	0.047516	0.0083465	0.0081536	0.020673	0.047996	-305.44	-780.9	53.16	184.04	32.109	166.37	0.00059445	1.3387e+09	0.03292	0.71327	0.71327	16.309	0.0024768	0.00104	0.00090632	0.0032526	0.0039836	0.00096371	0.011834	0.012516	0.00084292	0.00012079	0.0020289	0.0013659	0.0098049	0.01115	-0.0001887	166.99	117.26	284.25	0	0	0	-284.25	0	1.4995	0	0	0	0	-1.4995	0.94779	0.94821	0.94779	
0.080752	1.9997	0.99983	0.99983	1e-06	19.97	19.966	19.966	1.0271	1	1.2795e+06	0	0	0	2.4308	0.012499	0.033429	0.052178	0.18514	0.0081508	0.0076732	0.019899	0.044456	0.0082473	0.0077528	0.020124	0.0449	-333.36	-838.37	59.316	199.09	38.061	179.93	0.00059562	1.336e+09	0.032924	0.71335	0.71335	16.285	0.0024826	0.0010428	0.00090876	0.0032502	0.0039806	0.00193	0.023577	0.024871	0.0016582	0.00027181	0.0039817	0.0026168	0.019595	0.022254	-0.00042463	343.39	265.87	609.26	0	0	0	-609.26	0	9.4268	0	0	0	0	-9.4268	0.94783	0.94848	0.94783	
0.12113	1.9992	0.99961	0.99961	1e-06	19.927	19.917	19.917	1.556	1	1.2763e+06	0	0	0	2.4219	0.012484	0.033302	0.052029	0.1839	0.0080909	0.007436	0.019572	0.042764	0.0081893	0.0074736	0.019757	0.043058	-378.94	-935.93	70.024	223.27	48.843	203.3	0.00059757	1.3317e+09	0.032931	0.71351	0.71351	16.244	0.0024923	0.0010475	0.00091283	0.0032461	0.0039757	0.0028622	0.035246	0.037121	0.0024544	0.0004078	0.0058819	0.0038167	0.029364	0.033304	-0.00063368	539.88	483.85	1023.7	0	0	0	-1023.7	1.1369e-13	32.055	0	0	0	1.7991e-15	-32.055	0.94789	0.94888	0.94789	
0.1615	1.9987	0.99933	0.99933	1e-06	19.867	19.849	19.849	2.0927	1	1.2718e+06	0	0	0	2.4095	0.012494	0.03327	0.052011	0.18325	0.0080515	0.0072472	0.019324	0.041573	0.0081561	0.0072327	0.019467	0.041642	-439.22	-1065.3	84.536	254.93	63.531	234.63	0.00060032	1.3256e+09	0.03294	0.7137	0.7137	16.187	0.0025061	0.0010541	0.00091864	0.0032404	0.0039687	0.0037876	0.046853	0.049239	0.0032437	0.00054389	0.007751	0.0049771	0.039102	0.044261	-0.00087851	764.32	800.89	1565.2	0	0	0	-1565.2	-2.2737e-13	81.278	0	0	0	-1.1991e-15	-81.278	0.94797	0.94938	0.94797	
0.20188	1.9979	0.99894	0.99894	1e-06	19.79	19.762	19.762	2.6341	1	1.2661e+06	0	0	0	2.3934	0.01253	0.033346	0.052142	0.18331	0.0080362	0.0070986	0.019153	0.040745	0.0081518	0.0070272	0.019255	0.040544	-512.33	-1225	102.21	292.68	81.547	272.57	0.00060386	1.3178e+09	0.032953	0.71398	0.71398	16.114	0.0025239	0.0010627	0.00092613	0.0032332	0.0039598	0.0047683	0.058346	0.061257	0.0040428	0.00072547	0.0096155	0.0061243	0.04873	0.055132	-0.0011146	1031.9	1243	2274.9	0	0	0	-2274.9	0	174.29	0	0	0	-5.9964e-15	-174.29	0.94808	0.95002	0.94808	
0.24226	1.9969	0.99844	0.99844	1e-06	19.697	19.656	19.656	3.1834	1	1.2591e+06	0	0	0	2.3737	0.012585	0.033485	0.052363	0.18378	0.0080372	0.0069726	0.019028	0.040146	0.0081696	0.0068441	0.019098	0.039665	-595.12	-1406.4	122.23	334.8	101.97	315.2	0.00060821	1.3084e+09	0.03297	0.71434	0.71434	16.025	0.0025459	0.0010733	0.00093537	0.0032243	0.0039489	0.0058146	0.069828	0.07318	0.0048619	0.00095265	0.011495	0.0072676	0.058332	0.065912	-0.001382	1347.7	1826.8	3174.4	0	0	0	-3174.4	4.5475e-13	334.73	0	0	0	8.3932e-15	-334.73	0.94821	0.95079	0.94821	
0.28263	1.9956	0.99778	0.99778	1e-06	19.587	19.532	19.532	3.7278	1	1.2507e+06	0	0	0	2.3502	0.012653	0.033715	0.052694	0.185	0.0080758	0.0068986	0.019012	0.03989	0.0082272	0.0067133	0.019054	0.039114	-685.92	-1607.3	144.35	380.27	124.63	361.69	0.00061338	1.2974e+09	0.032992	0.71482	0.71482	15.919	0.0025727	0.0010863	0.00094665	0.0032138	0.0039361	0.0068273	0.081178	0.084789	0.0056924	0.0011349	0.013392	0.0084032	0.067786	0.076386	-0.001696	1705	2560.4	4265.4	0	0	0	-4265.4	9.0949e-13	592.63	0	0	0	5.6355e-14	-592.63	0.94837	0.95172	0.94837	
0.32301	1.9941	0.99706	0.99706	1e-06	19.461	19.39	19.39	4.2674	1	1.2412e+06	0	0	0	2.3234	0.012749	0.034052	0.053176	0.18693	0.0081488	0.0068702	0.019093	0.039922	0.0083201	0.0066291	0.019109	0.038844	-781.99	-1821.5	167.77	427.48	148.77	410.18	0.0006194	1.2848e+09	0.033015	0.71533	0.71533	15.798	0.0026039	0.0011013	0.00095975	0.0032018	0.0039213	0.0079313	0.092443	0.096145	0.0065685	0.0013628	0.015354	0.009568	0.077089	0.086577	-0.0020659	2124.9	3448.4	5573.3	0	0	0	-5573.3	9.0949e-13	985.17	0	0	0	1.2829e-13	-985.17	0.94855	0.9528	0.94855	
0.36339	1.9922	0.99611	0.99611	1e-06	19.318	19.23	19.23	4.8053	1	1.2304e+06	0	0	0	2.2926	0.012868	0.034461	0.053763	0.18932	0.0082516	0.0068806	0.019258	0.040182	0.0084429	0.0065862	0.019251	0.038811	-880.57	-2042.5	191.74	474.91	173.58	458.97	0.00062628	1.2706e+09	0.033047	0.71601	0.71601	15.66	0.0026391	0.0011183	0.00097452	0.0031882	0.0039047	0.0092647	0.10387	0.10747	0.0075368	0.0017279	0.017457	0.010804	0.086414	0.096663	-0.0026366	2650.4	4496.8	7147.2	0	0	0	-7147.2	9.0949e-13	1559.4	0	0	0	2.0981e-13	-1559.4	0.94875	0.95406	0.94875	
0.40376	1.9899	0.99494	0.99494	1e-06	19.16	19.053	19.053	5.3124	1	1.2183e+06	0	0	0	2.2578	0.013039	0.035062	0.054621	0.19296	0.0084174	0.0069859	0.019612	0.040938	0.0086169	0.0066325	0.019558	0.039241	-980.98	-2271.3	216.14	522.02	199.42	507.42	0.00063406	1.255e+09	0.033085	0.71685	0.71685	15.506	0.0026784	0.0011372	0.00099106	0.003173	0.0038861	0.01064	0.11521	0.11839	0.0085917	0.0020486	0.019713	0.012108	0.0955	0.10629	-0.0036349	3272.2	5679.2	8951.5	0	0	0	-8951.5	3.638e-12	2370.3	0	0	0	4.4471e-13	-2370.3	0.94884	0.95536	0.94884	
0.44414	1.9872	0.99361	0.99361	1e-06	18.986	18.86	18.86	5.7625	1	1.205e+06	0	0	0	2.2196	0.013281	0.035918	0.055838	0.19822	0.0086729	0.0072337	0.020243	0.042412	0.0088553	0.0068045	0.020087	0.040316	-1082.3	-2507.5	240.64	568.14	226.27	554.5	0.00064276	1.2381e+09	0.03313	0.71781	0.71781	15.336	0.0027222	0.0011583	0.0010094	0.0031564	0.0038657	0.012182	0.12654	0.1288	0.0098118	0.0023704	0.022261	0.013543	0.10428	0.11526	-0.0056833	4073.4	6968.1	11041	0	0	0	-11041	0	3482.1	0	0	0	6.3645e-13	-3482.1	0.94888	0.95678	0.94888	
0.48451	1.9841	0.99206	0.99206	1e-06	18.798	18.652	18.652	6.1177	1	1.1905e+06	0	0	0	2.1779	0.013664	0.03722	0.057716	0.20607	0.0090631	0.0076995	0.021294	0.044972	0.0091832	0.0071625	0.020937	0.042341	-1184.1	-2753	264.97	613.06	254.2	599.35	0.00065241	1.2197e+09	0.033182	0.71894	0.71894	15.152	0.0027704	0.0011814	0.0010296	0.0031383	0.0038437	0.01423	0.13835	0.13883	0.011399	0.0028307	0.025448	0.015243	0.1129	0.12359	-0.010591	5264.1	8337	13601	0	0	0	-13601	1.819e-12	4982	0	0	0	7.5145e-13	-4982	0.94916	0.95863	0.94916	
0.52489	1.9803	0.99017	0.99017	1e-06	18.595	18.43	18.43	6.2154	1	1.1747e+06	0	0	0	2.1324	0.014255	0.039369	0.060752	0.21977	0.0098572	0.0088103	0.023596	0.050685	0.0097918	0.0081014	0.022789	0.047266	-1287	-3023.8	289.05	656.46	283.73	640.61	0.00066305	1.2002e+09	0.033245	0.72031	0.72031	14.952	0.0028227	0.0012063	0.0010513	0.003119	0.00382	0.017042	0.15071	0.14871	0.013702	0.0033393	0.029998	0.0177	0.12071	0.13101	-0.019722	7267	9629.4	16896	0	0	0	-16896	0	6998.6	0	0	0	8.6644e-13	-6998.6	0.94962	0.96092	0.94962	
0.56527	1.976	0.988	0.988	1e-06	18.38	18.197	18.197	5.8918	1	1.158e+06	0	0	0	2.0839	0.015247	0.043084	0.065954	0.24391	0.011528	0.01114	0.028432	0.06215	0.011103	0.010198	0.026852	0.05793	-1397.6	-3347.7	314.05	704.66	313.71	685.7	0.00067462	1.1796e+09	0.033318	0.72189	0.72189	14.739	0.002879	0.0012331	0.0010746	0.0030985	0.0037948	0.021389	0.16494	0.15927	0.017446	0.0039426	0.037289	0.021768	0.12765	0.13751	-0.035676	10816	10701	21516	0	0	0	-21516	3.638e-12	9741.4	0	0	0	1.1346e-12	-9741.4	0.95024	0.96375	0.95024	
0.60564	1.9708	0.98539	0.98539	1e-06	18.154	17.954	17.954	4.9811	1	1.1401e+06	0	0	0	2.0318	0.016739	0.049036	0.074145	0.28379	0.015452	0.01639	0.039567	0.08763	0.014346	0.014895	0.036414	0.081077	-1530	-3776.3	346.06	772.02	347.79	752.36	0.00068714	1.1581e+09	0.033406	0.7238	0.7238	14.511	0.0029392	0.0012615	0.0010994	0.0030769	0.0037684	0.028391	0.18365	0.1729	0.023749	0.0046426	0.049517	0.029741	0.13413	0.14316	-0.051086	17030	11527	28557	0	0	0	-28557	3.638e-12	13582	0	0	0	1.6899e-12	-13582	0.95098	0.96734	0.95098	
0.64602	1.9648	0.98239	0.98239	1e-06	17.918	17.703	17.703	3.4464	1	1.1213e+06	0	0	0	1.9769	0.018766	0.05805	0.086198	0.34819	0.027133	0.031449	0.072149	0.16031	0.024473	0.02838	0.06509	0.14651	-1676.3	-4314.7	400.33	876.67	398.69	861.12	0.00070061	1.1358e+09	0.033508	0.72601	0.72601	14.272	0.0030034	0.0012917	0.0011256	0.0030543	0.0037408	0.039316	0.20998	0.19917	0.033921	0.0053944	0.069767	0.051023	0.14021	0.14814	0.015237	26542	12302	38844	0	0	0	-38844	-7.276e-12	19106	0	0	0	1.3647e-12	-19106	0.95181	0.97196	0.95181	
0.6864	1.9578	0.97889	0.97889	1e-06	17.672	17.444	17.444	1.6559	1	1.1015e+06	0	0	0	1.919	0.020836	0.068148	0.099402	0.42508	0.081689	0.1099	0.23243	0.53372	0.072759	0.094802	0.20394	0.46642	-1779.2	-4741.5	540.96	1063.4	519.39	1041.3	0.00071509	1.1128e+09	0.033628	0.72861	0.72861	14.019	0.0030716	0.0013234	0.0011533	0.0030309	0.003712	0.053217	0.24232	0.30641	0.046924	0.0062928	0.096103	0.15358	0.14621	0.15282	0.90396	36815	14121	50936	0	0	0	-50936	0	26929	0	0	0	7.5226e-13	-26929	0.95277	0.97783	0.95277	
0.72677	1.9497	0.97483	0.97483	1e-06	17.417	17.178	17.178	0.031369	1	1.0806e+06	0	0	0	1.8581	0.021755	0.072582	0.10521	0.4605	2.235	6.9195	10.272	41.601	2.7639	8.2306	12.376	48.5	-1817.1	-4859.4	3124.7	7375.6	3245.1	7363.4	0.00073062	1.0892e+09	0.033768	0.73164	0.73164	13.754	0.0031441	0.0013568	0.0011824	0.0030065	0.0036822	0.064283	0.26714	11.976	0.056988	0.0072947	0.11482	11.819	0.15232	0.15771	99.92	19868	86437	1.063e+05	0	0	0	-1.063e+05	2.9104e-11	41539	0	0	0	3.5056e-12	-41539	0.95381	0.98815	0.95381	
0.76715	1.9403	0.97017	0.97017	1e-06	17.151	16.905	16.905	-1.158	1	1.0587e+06	0	0	0	1.7941	0.021753	0.072018	0.10465	0.45368	0.16538	0.24885	0.49692	1.1903	0.15022	0.21729	0.44262	1.0457	-1859.9	-4933.3	756.13	1349.4	695.07	1262.3	0.00074732	1.0648e+09	0.03393	0.73516	0.73516	13.475	0.0032211	0.0013921	0.0012131	0.0029811	0.0036511	0.071563	0.2828	0.47381	0.063113	0.0084503	0.12319	0.31015	0.15961	0.16367	2.2451	53380	15369	68749	0	0	0	-68749	1.4552e-11	58458	0	0	0	7.7114e-12	-58458	0.9548	0.99798	0.9548	
0.80752	1.9296	0.96478	0.96478	1e-06	16.873	16.62	16.62	-1.9563	1	1.0354e+06	0	0	0	1.7263	0.020866	0.067953	0.099252	0.42279	0.090412	0.12521	0.26083	0.60592	0.08143	0.10855	0.2307	0.5301	-1883.7	-4924.8	627.08	1174	596.77	1135.2	0.00076549	1.0396e+09	0.03412	0.73927	0.73927	13.179	0.0033041	0.0014296	0.0012459	0.0029545	0.0036185	0.075417	0.29227	0.32868	0.065652	0.0097652	0.12394	0.15773	0.16834	0.17096	0.59471	61107	13287	74394	0	0	0	-74394	2.9104e-11	73130	0	0	0	1.2219e-11	-73130	0.95583	1.0043	0.95583	
0.8479	1.9172	0.95861	0.95861	1e-06	16.58	16.323	16.323	-2.5038	1	1.0107e+06	0	0	0	1.6546	0.020086	0.064735	0.094863	0.3999	0.071843	0.096293	0.20406	0.46832	0.064716	0.084412	0.18149	0.41365	-1900.9	-4907.4	603.23	1141.4	576.04	1101.7	0.0007854	1.0132e+09	0.034339	0.74402	0.74402	12.864	0.0033943	0.0014701	0.0012812	0.0029264	0.0035841	0.079409	0.30284	0.30409	0.068164	0.011245	0.12515	0.12505	0.17769	0.17904	0.22265	67656	13251	80907	0	0	0	-80907	0	89855	0	0	0	1.5275e-11	-89855	0.95674	1.0105	0.95674	
0.88828	1.9031	0.95156	0.95156	1e-06	16.271	16.013	16.013	-2.9279	1	9.8438e+05	0	0	0	1.5788	0.01938	0.062084	0.091154	0.38195	0.064222	0.085294	0.18163	0.41562	0.057922	0.075306	0.16219	0.36984	-1913.2	-4884.7	598.35	1128.2	571.13	1081.9	0.00080724	9.858e+08	0.034594	0.74954	0.74954	12.529	0.0034926	0.0015138	0.0013193	0.0028967	0.0035477	0.083716	0.31408	0.30273	0.070769	0.012947	0.12668	0.11499	0.1874	0.18775	0.093411	73910	13719	87629	0	0	0	-87629	1.4552e-11	1.0887e+05	0	0	0	1.6953e-11	-1.0887e+05	0.95757	1.0166	0.95757	
0.92865	1.887	0.9435	0.9435	1e-06	15.947	15.689	15.689	-3.2976	1	9.5643e+05	0	0	0	1.4989	0.018699	0.059677	0.087726	0.36623	0.060014	0.079821	0.16984	0.38954	0.054288	0.070749	0.15218	0.34827	-1919.4	-4850.2	598.95	1117.8	571.31	1066.2	0.00083126	9.5731e+08	0.034889	0.75594	0.75594	12.173	0.0035996	0.0015613	0.0013606	0.0028653	0.0035092	0.088079	0.32533	0.30846	0.073293	0.014786	0.128	0.11178	0.19733	0.19668	0.04118	79977	14369	94346	0	0	0	-94346	0	1.3035e+05	0	0	0	1.8632e-11	-1.3035e+05	0.95824	1.0226	0.95824	
0.96903	1.8689	0.93444	0.93444	1e-06	15.607	15.35	15.35	-3.6491	1	9.2694e+05	0	0	0	1.4155	0.01803	0.057385	0.084431	0.35158	0.057149	0.076356	0.16208	0.37326	0.051867	0.067831	0.14563	0.33461	-1919.3	-4801.2	600.99	1106.3	573.03	1051.2	0.00085773	9.2777e+08	0.035228	0.76326	0.76326	11.798	0.0037167	0.0016128	0.0014055	0.0028321	0.0034686	0.092552	0.33616	0.31623	0.075684	0.016868	0.12889	0.11082	0.20727	0.20541	0.018779	85926	15099	1.0103e+05	0	0	0	-1.0103e+05	0	1.544e+05	0	0	0	1.8632e-11	-1.544e+05	0.95875	1.0284	0.95875	
1.0094	1.8483	0.92417	0.92417	1e-06	15.251	14.999	14.999	-4.001	1	8.958e+05	0	0	0	1.3285	0.017385	0.055196	0.081273	0.33776	0.05484	0.073675	0.15594	0.36109	0.049954	0.065548	0.14048	0.32414	-1913.2	-4737.9	603.03	1092.8	574.89	1036.2	0.0008869	8.9725e+08	0.035619	0.77175	0.77175	11.401	0.0038443	0.0016686	0.0014541	0.0027971	0.0034258	0.097128	0.34595	0.32406	0.077867	0.019261	0.12914	0.11042	0.21681	0.21364	0.0087575	91672	15857	1.0753e+05	0	0	0	-1.0753e+05	0	1.8114e+05	0	0	0	1.8632e-11	-1.8114e+05	0.95904	1.0339	0.95904	
1.0498	1.8252	0.91261	0.91261	1e-06	14.881	14.636	14.636	-4.3312	1	8.6317e+05	0	0	0	1.2389	0.016968	0.053613	0.079065	0.32723	0.053325	0.071976	0.15196	0.35331	0.048675	0.064049	0.13706	0.31693	-1912.8	-4690.2	609.34	1084.7	580.88	1028.8	0.00091898	8.6594e+08	0.03607	0.78152	0.78152	10.986	0.0039833	0.0017288	0.0015066	0.0027605	0.0033809	0.10224	0.35487	0.3316	0.080402	0.021838	0.12952	0.11058	0.22535	0.22102	0.0042465	97387	16723	1.1411e+05	0	0	0	-1.1411e+05	0	2.1068e+05	0	0	0	1.8632e-11	-2.1068e+05	0.95911	1.0392	0.95911	
1.0902	1.7994	0.89972	0.89972	1e-06	14.5	14.262	14.262	-4.6671	1	8.2922e+05	0	0	0	1.1474	0.016577	0.052111	0.076977	0.31727	0.051912	0.070339	0.14821	0.34577	0.047462	0.062603	0.1338	0.30981	-1905.4	-4626	614.16	1074.5	585.25	1020	0.00095415	8.3402e+08	0.036587	0.79272	0.79272	10.554	0.0041332	0.0017934	0.0015629	0.0027223	0.0033341	0.10751	0.36237	0.33824	0.082741	0.024768	0.12924	0.11034	0.23312	0.2279	0.0021746	1.0268e+05	17591	1.2027e+05	0	0	0	-1.2027e+05	0	2.4311e+05	0	0	0	1.8632e-11	-2.4311e+05	0.95892	1.0442	0.95892	
1.1305	1.7706	0.88528	0.88528	1e-06	14.107	13.879	13.879	-5.0084	1	7.9392e+05	0	0	0	1.0545	0.01621	0.050676	0.074991	0.30778	0.050551	0.068683	0.14451	0.33804	0.046283	0.061156	0.13058	0.30254	-1890.6	-4544.6	618.32	1064.5	587.48	1008.9	0.00099273	8.016e+08	0.037184	0.80565	0.80565	10.105	0.0042939	0.0018624	0.001623	0.0026825	0.0032854	0.11297	0.36888	0.34437	0.084937	0.028038	0.12845	0.1097	0.24044	0.23467	0.0012707	1.075e+05	18481	1.2598e+05	0	0	0	-1.2598e+05	-1.4552e-11	2.7842e+05	0	0	0	1.6509e-11	-2.7842e+05	0.95846	1.0488	0.95846	
1.1709	1.7386	0.86928	0.86928	1e-06	13.705	13.487	13.487	-5.3551	1	7.5744e+05	0	0	0	0.96113	0.015861	0.049285	0.073077	0.29859	0.049212	0.066958	0.14078	0.32985	0.04512	0.059675	0.12735	0.29499	-1868	-4444.2	619.31	1049.7	587.24	994.93	0.0010351	7.688e+08	0.037868	0.82048	0.82048	9.6404	0.0044662	0.001936	0.0016872	0.0026411	0.0032347	0.11858	0.37439	0.34996	0.086946	0.031629	0.12709	0.10858	0.2473	0.24138	0.00062619	1.1171e+05	19312	1.3102e+05	0	0	0	-1.3102e+05	1.4552e-11	3.1655e+05	0	0	0	1.6582e-11	-3.1655e+05	0.9577	1.053	0.9577	
1.2113	1.7031	0.85155	0.85155	1e-06	13.294	13.086	13.086	-5.7053	1	7.1982e+05	0	0	0	0.86786	0.015529	0.047929	0.071222	0.28962	0.047881	0.065136	0.13696	0.32092	0.043975	0.058162	0.12412	0.28723	-1828	-4289.3	618.93	1035.2	584.38	977.39	0.0010816	7.3572e+08	0.038657	0.83756	0.83756	9.1616	0.0046499	0.0020146	0.0017557	0.002598	0.0031819	0.12443	0.37903	0.35506	0.088787	0.035638	0.12521	0.10699	0.25383	0.24807	0.0004294	1.1449e+05	20132	1.3463e+05	0	0	0	-1.3463e+05	2.9104e-11	3.5727e+05	0	0	0	2.331e-11	-3.5727e+05	0.95664	1.0568	0.95664	
1.2517	1.6641	0.83205	0.83205	1e-06	12.874	12.676	12.676	-6.0553	1	6.8121e+05	0	0	0	0.77568	0.015211	0.046605	0.069422	0.28082	0.046575	0.063277	0.13314	0.31177	0.042888	0.05662	0.12095	0.27906	-1789.7	-4151.6	614.9	1014.2	578.99	956.31	0.0011329	7.0243e+08	0.039563	0.85719	0.85719	8.6702	0.0048456	0.0020985	0.0018288	0.0025532	0.003127	0.13038	0.38256	0.35941	0.090367	0.040012	0.12271	0.10484	0.25985	0.25457	0.00020853	1.1715e+05	20839	1.3799e+05	0	0	0	-1.3799e+05	0	4.0041e+05	0	0	0	2.7843e-11	-4.0041e+05	0.95526	1.0601	0.95526	
1.292	1.6214	0.81072	0.81072	1e-06	12.447	12.257	12.257	-6.3849	1	6.4178e+05	0	0	0	0.6856	0.015021	0.045653	0.068184	0.27427	0.045563	0.061472	0.12982	0.30292	0.042312	0.055326	0.11879	0.27236	-1742.1	-3973.3	608.92	987.74	571.83	927.87	0.0011893	6.6912e+08	0.040604	0.87975	0.87975	8.1684	0.005055	0.0021886	0.0019073	0.0025067	0.0030701	0.13715	0.38529	0.36362	0.092238	0.044914	0.12037	0.10275	0.26492	0.26086	-8.5131e-05	1.1842e+05	21471	1.3989e+05	0	0	0	-1.3989e+05	2.9104e-11	4.4574e+05	0	0	0	3.2661e-11	-4.4574e+05	0.95356	1.0629	0.95356	
1.3324	1.5748	0.78739	0.78739	1e-06	12.016	11.83	11.83	-6.7134	1	6.0167e+05	0	0	0	0.59843	0.014865	0.044784	0.067081	0.2681	0.044609	0.059537	0.12645	0.29338	0.041927	0.054057	0.11695	0.2658	-1695.8	-3813.5	599.98	955.84	562.61	895.83	0.0012513	6.3595e+08	0.041807	0.90581	0.90581	7.6578	0.0052748	0.0022845	0.0019909	0.0024585	0.003011	0.14432	0.38713	0.36763	0.093991	0.050329	0.11762	0.1003	0.26952	0.26733	-0.00033255	1.1945e+05	22016	1.4146e+05	0	0	0	-1.4146e+05	0	4.93e+05	0	0	0	3.7479e-11	-4.93e+05	0.95154	1.0651	0.95154	
1.3728	1.5242	0.76211	0.76211	1e-06	11.579	11.395	11.395	-7.0547	1	5.6106e+05	0	0	0	0.51517	0.014674	0.043791	0.065802	0.26108	0.043559	0.05739	0.12273	0.2827	0.041527	0.0527	0.11499	0.25881	-1643.3	-3643.8	587.56	919.62	550.87	862.01	0.00132	6.0288e+08	0.043193	0.93586	0.93586	7.141	0.0055058	0.0023867	0.00208	0.0024084	0.0029496	0.15177	0.38908	0.37189	0.095483	0.056284	0.11433	0.097382	0.27475	0.27451	-0.00072079	1.199e+05	22466	1.4236e+05	0	0	0	-1.4236e+05	2.9104e-11	5.4204e+05	0	0	0	4.2577e-11	-5.4204e+05	0.94921	1.0669	0.94921	
1.4132	1.4696	0.73478	0.73478	1e-06	11.136	10.95	10.95	-7.4168	1	5.2e+05	0	0	0	0.43646	0.014413	0.042588	0.064208	0.25272	0.042351	0.055001	0.11853	0.27074	0.041027	0.051204	0.11274	0.25116	-1583.4	-3458.4	571.94	881.88	536.23	826.49	0.0013966	5.6981e+08	0.0448	0.97067	0.97067	6.6184	0.0057486	0.0024962	0.0021754	0.0023561	0.0028856	0.15949	0.39164	0.37675	0.096611	0.062878	0.11045	0.093989	0.2812	0.28276	-0.00081338	1.1972e+05	22819	1.4254e+05	0	0	0	-1.4254e+05	2.9104e-11	5.9262e+05	0	0	0	5.2909e-11	-5.9262e+05	0.94662	1.0683	0.94662	
1.4535	1.4109	0.70544	0.70544	1e-06	10.683	10.492	10.492	-7.8078	1	4.7866e+05	0	0	0	0.36315	0.014045	0.041081	0.062149	0.24258	0.040939	0.052318	0.11373	0.25688	0.040338	0.049464	0.10997	0.24189	-1517.3	-3267.5	552.36	840.05	518.46	789.46	0.001483	5.366e+08	0.046663	1.011	1.011	6.0922	0.006007	0.0026147	0.0022786	0.0023014	0.0028186	0.16741	0.39541	0.38241	0.097232	0.07018	0.10588	0.08991	0.28953	0.2925	-0.001099	1.1917e+05	23037	1.4221e+05	0	0	0	-1.4221e+05	0	6.445e+05	0	0	0	5.8145e-11	-6.445e+05	0.94382	1.0693	0.94382	
1.4939	1.3481	0.67405	0.67405	1e-06	10.217	10.018	10.018	-8.252	1	4.3706e+05	0	0	0	0.29571	0.013523	0.039146	0.05943	0.22991	0.03921	0.049332	0.10815	0.24184	0.039316	0.047464	0.10644	0.23185	-1441.7	-3059.7	528.54	796.03	496.4	749.42	0.001582	5.0302e+08	0.048836	1.0581	1.0581	5.5628	0.0062863	0.0027448	0.002392	0.0022438	0.0027481	0.17531	0.40096	0.38963	0.097094	0.078219	0.10042	0.08529	0.30054	0.30433	-0.0012619	1.1801e+05	23031	1.4105e+05	0	0	0	-1.4105e+05	2.9104e-11	6.9743e+05	0	0	0	6.365e-11	-6.9743e+05	0.94086	1.07	0.94086	
1.5343	1.2816	0.64077	0.64077	1e-06	9.7321	9.5249	9.5249	-8.7742	1	3.954e+05	0	0	0	0.23483	0.012734	0.036505	0.055606	0.21331	0.036935	0.045945	0.10135	0.22493	0.037562	0.044929	0.10127	0.21943	-1353.3	-2830.7	498.87	748.19	468.98	706.96	0.0016976	4.6877e+08	0.051373	1.1131	1.1131	5.0325	0.006596	0.0028907	0.0025192	0.0021827	0.0026732	0.18267	0.4093	0.39849	0.095581	0.087089	0.093617	0.079695	0.31568	0.31879	-0.0012289	1.1619e+05	22712	1.3891e+05	0	0	0	-1.3891e+05	0	7.5103e+05	0	0	0	6.9156e-11	-7.5103e+05	0.93783	1.0704	0.93783	
1.5747	1.2112	0.60561	0.60561	1e-06	9.2185	9.0061	9.0061	-9.3848	1	3.5366e+05	0	0	0	0.18082	0.01167	0.033161	0.050666	0.19292	0.034071	0.042153	0.093259	0.2063	0.03497	0.041737	0.094192	0.20417	-1251.8	-2581.8	463.35	695.86	435.02	657.24	0.0018364	4.3332e+08	0.054356	1.1777	1.1777	4.5013	0.0069557	0.0030592	0.0026661	0.0021171	0.0025929	0.18928	0.42081	0.4092	0.092358	0.096919	0.085312	0.073013	0.3355	0.33619	-0.0011667	1.1354e+05	21983	1.3552e+05	0	0	0	-1.3552e+05	0	8.0481e+05	0	0	0	6.9156e-11	-8.0481e+05	0.93484	1.0705	0.93484	
1.615	1.1376	0.56878	0.56878	1e-06	8.6695	8.4572	8.4572	-10.07	1	3.1215e+05	0	0	0	0.13416	0.010429	0.029397	0.045041	0.17041	0.03084	0.038058	0.084319	0.18636	0.031863	0.038044	0.085838	0.18676	-1141.4	-2322.8	423.61	639.09	397.19	602.69	0.0020072	3.9647e+08	0.057875	1.254	1.254	3.9729	0.0073929	0.0032611	0.002842	0.0020463	0.0025061	0.19516	0.43473	0.42153	0.08748	0.10769	0.075763	0.065395	0.35896	0.35613	-0.00088243	1.0979e+05	20864	1.3065e+05	0	0	0	-1.3065e+05	1.4552e-11	8.5816e+05	0	0	0	7.2106e-11	-8.5816e+05	0.93202	1.0703	0.93202	
1.6554	1.061	0.53048	0.53048	1e-06	8.0778	7.8727	7.8727	-10.829	1	2.7114e+05	0	0	0	0.09509	0.0090423	0.025307	0.03887	0.14632	0.027278	0.033675	0.074591	0.16555	0.028275	0.03378	0.076193	0.1666	-1022.8	-2056.8	380.04	577.24	355.63	540.84	0.0022229	3.5799e+08	0.062054	1.3445	1.3445	3.4509	0.0079462	0.0035117	0.0030603	0.001969	0.0024116	0.20031	0.45069	0.43527	0.080759	0.11955	0.065061	0.056864	0.38563	0.3784	-0.00046195	1.0473e+05	19327	1.2406e+05	0	0	0	-1.2406e+05	1.4552e-11	9.1035e+05	0	0	0	7.8071e-11	-9.1035e+05	0.92948	1.0699	0.92948	
1.6958	0.98199	0.491	0.491	1e-06	7.4385	7.249	7.249	-11.636	1	2.3108e+05	0	0	0	0.063697	0.0075663	0.021047	0.032397	0.12152	0.023481	0.029018	0.06424	0.14364	0.024339	0.029044	0.065553	0.14438	-898.18	-1789	333.56	509.7	311.95	473.55	0.0025029	3.1794e+08	0.067044	1.4526	1.4526	2.9411	0.0086737	0.0038339	0.0033412	0.0018843	0.0023078	0.20463	0.46752	0.44952	0.07213	0.1325	0.053495	0.047576	0.41402	0.40195	8.9777e-05	98122	17389	1.1551e+05	0	0	0	-1.1551e+05	1.4552e-11	9.6049e+05	0	0	0	8.4164e-11	-9.6049e+05	0.92734	1.0693	0.92734	
1.7362	0.90137	0.45068	0.45068	1e-06	6.7491	6.5838	6.5838	-12.451	1	1.9255e+05	0	0	0	0.039771	0.0060702	0.016804	0.02591	0.097006	0.019595	0.02417	0.053563	0.12081	0.020253	0.023969	0.054349	0.12031	-767.74	-1519.2	285.71	437.64	267.87	403.65	0.0028773	2.7657e+08	0.073041	1.5825	1.5825	2.4507	0.0096659	0.0042638	0.0037158	0.0017909	0.0021934	0.20837	0.48378	0.4634	0.061816	0.14655	0.041642	0.03786	0.44214	0.42554	0.00076755	89524	15149	1.0467e+05	0	0	0	-1.0467e+05	0	1.0075e+06	0	0	0	8.7242e-11	-1.0075e+06	0.9257	1.0683	0.9257	
1.7766	0.81997	0.40998	0.40998	1e-06	6.0111	5.8775	5.8775	-13.221	1	1.5618e+05	0	0	0	0.022731	0.0046304	0.012771	0.019717	0.073821	0.015788	0.019286	0.042968	0.097665	0.016254	0.018844	0.043225	0.095696	-634.82	-1254.8	238.32	364.07	224.7	334.44	0.0033937	2.3449e+08	0.080292	1.7397	1.7397	1.9879	0.011069	0.0048605	0.0042358	0.0016876	0.0020668	0.21188	0.49757	0.47567	0.050337	0.16155	0.030275	0.028311	0.4673	0.44736	0.0015332	78997	12738	91735	0	0	0	-91735	1.4552e-11	1.0503e+06	0	0	0	9.0447e-11	-1.0503e+06	0.92465	1.0669	0.92465	
1.8169	0.7389	0.36945	0.36945	1e-06	5.2314	5.1339	5.1339	-13.89	1	1.2271e+05	0	0	0	0.011611	0.0033227	0.0091351	0.014119	0.052963	0.012253	0.014595	0.032974	0.075144	0.012578	0.014015	0.032882	0.072146	-506.06	-1007.8	193.06	292.72	183.3	269.22	0.0041321	1.9258e+08	0.089101	1.9305	1.9305	1.5618	0.01314	0.0057274	0.0049913	0.0015731	0.0019266	0.21562	0.50701	0.4851	0.038521	0.1771	0.020241	0.019642	0.48677	0.46545	0.002438	67308	10301	77609	0	0	0	-77609	1.4552e-11	1.0879e+06	0	0	0	9.6919e-11	-1.0879e+06	0.92426	1.0653	0.92426	
1.8573	0.65946	0.32973	0.32973	1e-06	4.4205	4.3597	4.3597	-14.424	1	92770	0	0	0	0.0051196	0.0022041	0.0060337	0.0093399	0.035182	0.0091479	0.010348	0.02407	0.054433	0.009402	0.0097926	0.023896	0.051321	-380.61	-770.45	151.13	227.21	144.59	210.48	0.0052365	1.5197e+08	0.099834	2.1631	2.1631	1.1807	0.016363	0.0070623	0.0061546	0.0014461	0.0017711	0.21976	0.51084	0.49084	0.027299	0.19246	0.01219	0.012485	0.49865	0.47836	0.0035561	54341	7990.1	62331	0	0	0	-62331	1.4552e-11	1.1196e+06	0	0	0	1.0352e-10	-1.1196e+06	0.9246	1.0634	0.9246	
1.8977	0.58322	0.29161	0.29161	1e-06	3.5915	3.5635	3.5635	-14.754	1	66858	0	0	0	0.0018426	0.0013204	0.0035702	0.0055508	0.021024	0.0065993	0.0067889	0.016688	0.036832	0.0068349	0.0063862	0.016638	0.034448	-265.48	-555.98	112.76	169.8	108.82	159.29	0.0069925	1.138e+08	0.11288	2.4458	2.4458	0.85095	0.021798	0.0092962	0.0081014	0.0013044	0.0015976	0.22376	0.50887	0.49279	0.017578	0.20619	0.0064259	0.0072162	0.50244	0.48557	0.0050656	41331	5965.9	47297	0	0	0	-47297	0	1.1449e+06	0	0	0	1.0685e-10	-1.1449e+06	0.92574	1.0615	0.92574	
1.9381	0.51196	0.25598	0.25598	1e-06	2.7561	2.7529	2.7529	-14.692	1	45188	0	0	0	0.00048627	0.00068755	0.0017853	0.0028166	0.010697	0.0046677	0.0040749	0.011076	0.023274	0.0048964	0.0038593	0.011204	0.021949	-163.14	-360.51	78.154	121.02	76.054	115.33	0.010058	7.9119e+07	0.1286	2.7863	2.7863	0.57514	0.032206	0.013554	0.011812	0.0011443	0.0014014	0.22551	0.50182	0.49139	0.0099325	0.21558	0.0028124	0.0038022	0.499	0.48758	0.0072178	28528	4422.3	32951	0	0	0	-32951	7.276e-12	1.1638e+06	0	0	0	1.0858e-10	-1.1638e+06	0.92779	1.0599	0.92779	
1.9784	0.44785	0.22392	0.22392	1e-06	1.9244	1.9348	1.9348	-13.719	1	27691	0	0	0	7.3532e-05	0.00029762	0.00066403	0.0011105	0.0041193	0.0033508	0.002222	0.0072482	0.013925	0.0035537	0.0021384	0.007469	0.013406	-79.097	-188.04	46.892	78.277	46.101	75.947	0.016294	4.8837e+07	0.14701	3.1851	3.1851	0.35244	0.056967	0.023662	0.02062	0.0009578	0.0011731	0.22061	0.49881	0.49563	0.0046515	0.21596	0.00092666	0.0019163	0.49788	0.49371	0.010798	16532	3565.6	20098	0	0	0	-20098	0	1.1765e+06	0	0	0	1.1031e-10	-1.1765e+06	0.93092	1.059	0.93092	
2.0188	0.39334	0.19667	0.19667	1e-06	1.0707	1.0805	1.0805	-10.725	1	13557	0	0	0	2.4348e-06	0.00011253	0.00011255	0.00028135	0.00082693	0.0025582	0.0010932	0.0049305	0.0080255	0.0027448	0.0010815	0.0051987	0.0079554	-20.474	-54.061	19.102	37.124	18.074	34.45	0.034648	2.2968e+07	0.16738	3.6266	3.6266	0.17255	0.15711	0.064784	0.056457	0.00071501	0.0008757	0.20759	0.49835	0.50373	0.0014942	0.2061	0.00016347	0.00099557	0.49819	0.50274	0.019038	5547.5	3214.6	8762.2	0	0	0	-20098	-11336	1.1836e+06	0	0	0	-2801.2	-1.1864e+06	0.93539	1.0593	0.9351	
